-5.80071289376504
0.0
-2.006142949893274
2.5
[[0.00112513 0.00105036 0.00109611 ... 0.00105279 0.00114077 0.00116618]
 [0.00118032 0.00109797 0.00099854 ... 0.0009969  0.00119045 0.0012275 ]
 [0.0011898  0.00108968 0.0010825  ... 0.00106359 0.00110769 0.00117785]
 ...
 [0.00117366 0.00118548 0.0010395  ... 0.00108402 0.00114501 0.00115114]
 [0.00111042 0.00106999 0.00104413 ... 0.00099608 0.00120167 0.00115104]
 [0.00109556 0.00101231 0.00112737 ... 0.00109583 0.00111452 0.00113356]]

-6.572752912359785
0.0
-1.5670357601280043
2.5
[[0.00097171 0.00092825 0.00086699 ... 0.00090899 0.00100607 0.00099973]
 [0.00097205 0.00087803 0.00093315 ... 0.00092502 0.00092035 0.00096588]
 [0.00089005 0.00102426 0.00086963 ... 0.00095218 0.00101488 0.00078155]
 ...
 [0.00097187 0.00097411 0.00090075 ... 0.00096945 0.00097462 0.00083701]
 [0.00098098 0.00097073 0.0009146  ... 0.00093091 0.00095643 0.00097538]
 [0.00095616 0.00095864 0.00083371 ... 0.0008456  0.00105001 0.00098834]]

-7.453274144952804
0.0
-2.7817620818940827
2.5
[[0.00063241 0.00060068 0.00058873 ... 0.00061115 0.00064313 0.0006448 ]
 [0.00064221 0.00063287 0.00058962 ... 0.00059627 0.00067239 0.0006522 ]
 [0.00065331 0.00065631 0.00057845 ... 0.000592   0.00065726 0.00064398]
 ...
 [0.00063137 0.00066399 0.00060541 ... 0.0006005  0.00066241 0.0006176 ]
 [0.00061756 0.00060486 0.0005983  ... 0.00062053 0.00064346 0.00062181]
 [0.00062434 0.00058489 0.00058231 ... 0.00061674 0.00062495 0.00063359]]

-4.551012618492582
0.0
-0.2655585707409065
2.5
[[0.00296916 0.00308319 0.00267716 ... 0.00297331 0.00277342 0.00246733]
 [0.00279981 0.00257788 0.00291411 ... 0.00302585 0.00243068 0.00296093]
 [0.00236357 0.0026319  0.00283749 ... 0.00251668 0.00289124 0.00230903]
 ...
 [0.00232626 0.00293145 0.00259528 ... 0.00233963 0.00307574 0.00240009]
 [0.00308289 0.00245792 0.0030042  ... 0.00300851 0.00240138 0.00304078]
 [0.00269137 0.00294619 0.00272789 ... 0.00299159 0.00261463 0.00261234]]

-5.5303400321736875
0.0
-0.9263933855985336
2.5
[[0.00151331 0.00160526 0.0014329  ... 0.00151639 0.00159161 0.00148221]
 [0.00161249 0.00155809 0.00146348 ... 0.00157041 0.00152715 0.0013493 ]
 [0.00133754 0.00144355 0.00160316 ... 0.0016363  0.00132927 0.00151791]
 ...
 [0.00148326 0.00138068 0.00163042 ... 0.00159728 0.00133063 0.00157771]
 [0.00165578 0.00155723 0.00146478 ... 0.00156123 0.00149535 0.00147787]
 [0.00144291 0.00170616 0.00138442 ... 0.00154284 0.00160846 0.0014126 ]]

-7.567981534527361
0.0
-0.3407351534728069
2.5
[[0.00096219 0.00077351 0.00080431 ... 0.00076827 0.00088724 0.00101543]
 [0.00090373 0.00089812 0.00079891 ... 0.00084071 0.00090074 0.0008287 ]
 [0.00094739 0.00083595 0.00087465 ... 0.0009253  0.00078233 0.00095263]
 ...
 [0.00094243 0.00076735 0.00092755 ... 0.00093445 0.00075837 0.00091468]
 [0.00080701 0.00090163 0.00081101 ... 0.00085054 0.00088695 0.00079142]
 [0.00090604 0.0008236  0.00078228 ... 0.00077887 0.00092548 0.00088763]]

-5.172172092246226
0.0
-2.7721509873804133
2.5
[[0.00121568 0.00123191 0.00131589 ... 0.00126251 0.00118038 0.00121909]
 [0.0012441  0.00118487 0.00128814 ... 0.0012506  0.00114226 0.00125552]
 [0.0012153  0.00111158 0.00132611 ... 0.00127932 0.00114549 0.00125597]
 ...
 [0.00127218 0.00111592 0.00128467 ... 0.00125882 0.00115325 0.00132335]
 [0.00125134 0.00122977 0.00128909 ... 0.00121827 0.00120501 0.0012753 ]
 [0.00120163 0.0012415  0.00133568 ... 0.0012624  0.00120108 0.00121022]]

-5.761325217086112
0.0
-2.0907294187345538
2.5
[[0.00112677 0.00106217 0.00107433 ... 0.00104617 0.00116021 0.00116436]
 [0.00118481 0.0010964  0.00098802 ... 0.00101594 0.00117587 0.00121915]
 [0.00116666 0.00108946 0.00109195 ... 0.00108518 0.00110461 0.00113328]
 ...
 [0.00117385 0.0011812  0.00105535 ... 0.00111246 0.00113242 0.00112905]
 [0.00111873 0.00109361 0.00102975 ... 0.00100923 0.00120577 0.00114952]
 [0.00109108 0.00103568 0.00110588 ... 0.00107823 0.00114832 0.0011265 ]]

-6.900183884852943
0.0
-1.7182201895141012
2.5
[[0.00081852 0.00081635 0.00090313 ... 0.00085932 0.00078924 0.0008141 ]
 [0.00084531 0.00086179 0.00080987 ... 0.00077915 0.00088601 0.00086954]
 [0.00091391 0.00076262 0.00083963 ... 0.00077202 0.00078708 0.00098612]
 ...
 [0.0008692  0.00081557 0.00080394 ... 0.00076852 0.00081477 0.00093998]
 [0.00081495 0.0007959  0.00082953 ... 0.0007699  0.00086831 0.00084389]
 [0.00081505 0.00077655 0.00092847 ... 0.00090384 0.0007532  0.00080845]]

-4.741088870068981
0.0
-1.0691799874007144
2.5
[[0.00212127 0.00205513 0.00185278 ... 0.00194859 0.00218577 0.00208504]
 [0.001919   0.00224612 0.00180055 ... 0.00195465 0.00222862 0.00167559]
 [0.00193245 0.00210097 0.0019888  ... 0.00215783 0.00192287 0.00202947]
 ...
 [0.0017545  0.00206402 0.00204151 ... 0.00219163 0.0018641  0.00200318]
 [0.00214075 0.00219901 0.00179599 ... 0.00200175 0.00216998 0.00179691]
 [0.00217912 0.00206679 0.00188686 ... 0.00198723 0.00206162 0.00215439]]

-7.435867610901207
0.0
-2.074601699464055
2.5
[[0.00069199 0.00066242 0.0006498  ... 0.00067718 0.00071451 0.00070368]
 [0.00071069 0.0007077  0.00062128 ... 0.00063049 0.00074074 0.00071793]
 [0.00071999 0.00074755 0.00067968 ... 0.00072511 0.00069637 0.00068049]
 ...
 [0.00069736 0.00079277 0.00064829 ... 0.0007161  0.00073087 0.00065428]
 [0.00066953 0.00068037 0.00067055 ... 0.0006613  0.00071983 0.00066622]
 [0.00067649 0.00063764 0.00066134 ... 0.00070467 0.0006898  0.00068421]]

-4.023335160815602
0.0
-2.6337616401873527
2.5
[[0.00210495 0.00193647 0.00194705 ... 0.00182519 0.00210002 0.00214193]
 [0.00204525 0.00199094 0.00193751 ... 0.00178211 0.00219896 0.00207433]
 [0.00210625 0.00210787 0.00180296 ... 0.00177749 0.00224866 0.00209326]
 ...
 [0.00201562 0.00210277 0.00183447 ... 0.00174843 0.00227134 0.00197801]
 [0.00206178 0.00193106 0.00194095 ... 0.00185311 0.0021217  0.00206607]
 [0.00213679 0.00192297 0.0019167  ... 0.00183307 0.00206742 0.00216652]]

-6.001756651509059
0.0
-0.9430885311433101
2.5
[[0.00125648 0.00127965 0.00135892 ... 0.00129768 0.00126283 0.00125062]
 [0.00130086 0.00115444 0.00126751 ... 0.00118045 0.00116518 0.00145198]
 [0.00146771 0.00124167 0.0011415  ... 0.00110106 0.0013382  0.00126103]
 ...
 [0.00138474 0.00128414 0.0011177  ... 0.00113032 0.00134325 0.00121811]
 [0.00122204 0.00115454 0.00126961 ... 0.00118422 0.00118129 0.00133892]
 [0.00128679 0.00114665 0.00134321 ... 0.00122431 0.00122073 0.00127338]]

-5.271030723657924
0.0
-0.22723555700541098
2.5
[[0.00206815 0.00206279 0.00209274 ... 0.00211615 0.00187587 0.00189464]
 [0.00226152 0.00165364 0.00210086 ... 0.0018997  0.0017762  0.00217541]
 [0.00179192 0.00214083 0.00172393 ... 0.00168381 0.00211767 0.00186117]
 ...
 [0.00201776 0.00211893 0.0016691  ... 0.00171898 0.00201279 0.00207916]
 [0.00211493 0.00173965 0.00200427 ... 0.00181261 0.00194721 0.00194235]
 [0.00173318 0.00201135 0.0021287  ... 0.00210963 0.00177345 0.00191265]]

-6.671435726970959
0.0
-1.5714085711849863
2.5
[[0.00095687 0.00088163 0.00087336 ... 0.00088037 0.00094719 0.00099475]
 [0.0009239  0.00080878 0.00090548 ... 0.00084199 0.00091754 0.00095015]
 [0.00084581 0.00099462 0.00083315 ... 0.00088915 0.00099391 0.00079085]
 ...
 [0.0008925  0.00097539 0.0008384  ... 0.00089384 0.00099434 0.00077329]
 [0.00097705 0.00086038 0.00089069 ... 0.00084574 0.00091106 0.00100531]
 [0.00096906 0.00091583 0.00081661 ... 0.00082968 0.00098386 0.00101338]]

-5.890451790672954
0.0
-2.843380693428904
2.5
[[0.00096231 0.00091872 0.00097483 ... 0.00091716 0.00095382 0.00099334]
 [0.0009959  0.00090584 0.00092091 ... 0.00088419 0.00094608 0.00103015]
 [0.00097525 0.00086118 0.00091656 ... 0.0009168  0.00093396 0.0010086 ]
 ...
 [0.00100647 0.00088886 0.00088448 ... 0.00088675 0.00095444 0.00104137]
 [0.00098085 0.00092642 0.00094171 ... 0.00088626 0.00098759 0.00102189]
 [0.00094413 0.00091647 0.00099585 ... 0.00093261 0.00096265 0.00097678]]

-4.5445841967562846
0.0
-1.0676792410269724
2.5
[[0.00217098 0.00245175 0.00224377 ... 0.0024287  0.0022472  0.00204678]
 [0.00233696 0.0022204  0.00227685 ... 0.00240524 0.00214315 0.00210532]
 [0.00199498 0.0020512  0.0024424  ... 0.00240566 0.00193354 0.00229534]
 ...
 [0.00218055 0.00198603 0.00244698 ... 0.00233425 0.00197557 0.00229993]
 [0.00243979 0.00217831 0.00228892 ... 0.00238559 0.00206629 0.00235576]
 [0.00209415 0.00258402 0.00216616 ... 0.00243387 0.00230352 0.00199142]]

-7.409334243432209
0.0
-1.7649186437351894
2.5
[[0.00075327 0.00071792 0.00066394 ... 0.00071233 0.0007585  0.00076273]
 [0.00070332 0.0006957  0.00073996 ... 0.00072297 0.00073365 0.0006894 ]
 [0.00066699 0.00082565 0.00069178 ... 0.00075469 0.00079263 0.00061252]
 ...
 [0.0006861  0.00078641 0.00070395 ... 0.00074811 0.00077782 0.0006152 ]
 [0.0007486  0.0007318  0.00073141 ... 0.00073649 0.00072254 0.00072397]
 [0.0007718  0.00073843 0.0006289  ... 0.00068091 0.00076847 0.00078264]]

-5.344644950930431
0.0
-1.8898780156892316
2.5
[[0.00130657 0.0014285  0.00136816 ... 0.00143324 0.00131858 0.00124772]
 [0.00132819 0.00135071 0.00148348 ... 0.00152377 0.00122155 0.00125763]
 [0.00127598 0.00128096 0.00141427 ... 0.00137414 0.00132653 0.00128383]
 ...
 [0.00137484 0.00117611 0.00145302 ... 0.00136856 0.00123272 0.00141858]
 [0.00135724 0.00143908 0.00143908 ... 0.00149115 0.00130292 0.00130737]
 [0.00128944 0.00146056 0.00135885 ... 0.00138538 0.00135641 0.00123865]]

-7.14948869269909
0.0
-0.3970746562598282
2.5
[[0.00105592 0.00108453 0.00100449 ... 0.0010435  0.00096552 0.0008974 ]
 [0.00088439 0.00094609 0.00100023 ... 0.00098967 0.00090483 0.00097706]
 [0.00089992 0.00092777 0.00094165 ... 0.00085665 0.00101142 0.00085606]
 ...
 [0.00083384 0.00102133 0.00086919 ... 0.0008323  0.00105954 0.00084882]
 [0.001025   0.00091186 0.00101033 ... 0.0009855  0.00088567 0.00105833]
 [0.00108655 0.00100003 0.00101404 ... 0.00103177 0.00090801 0.00097025]]

-4.908172835465839
0.0
-2.278252072390987
2.5
[[0.0015227  0.00142365 0.00141037 ... 0.00133512 0.00154049 0.00157495]
 [0.0015337  0.00136617 0.00139644 ... 0.00141437 0.00147965 0.00156552]
 [0.00143546 0.00138626 0.00143953 ... 0.00134923 0.0015267  0.00141356]
 ...
 [0.00149672 0.00141305 0.00145493 ... 0.0014039  0.0014806  0.00143913]
 [0.00155708 0.00144574 0.00135032 ... 0.00135777 0.00155808 0.0015966 ]
 [0.00150844 0.00145364 0.001402   ... 0.00129829 0.00158479 0.00156603]]

-6.612547731983671
0.0
-0.9405101778065896
2.5
[[0.00111609 0.00098479 0.00095452 ... 0.00096039 0.00111038 0.00116078]
 [0.00099329 0.00108132 0.00093183 ... 0.00095045 0.00111993 0.00092523]
 [0.00097763 0.0010863  0.00099659 ... 0.00106896 0.00102877 0.00097635]
 ...
 [0.00089905 0.00108101 0.00101463 ... 0.00107843 0.00099745 0.00098803]
 [0.00111131 0.00108907 0.0009099  ... 0.00097119 0.00111495 0.00095216]
 [0.00115861 0.00095322 0.0009831  ... 0.00098567 0.00101386 0.00121845]]

-4.524746097948297
0.0
-2.6726606494243494
2.5
[[0.00158544 0.00172574 0.00160348 ... 0.00173621 0.00161492 0.00151147]
 [0.00156607 0.00165386 0.00165309 ... 0.00179783 0.00152677 0.00148329]
 [0.00150489 0.00163262 0.00177705 ... 0.00181162 0.00152555 0.00145176]
 ...
 [0.00156671 0.0015956  0.0018014  ... 0.00185594 0.00147869 0.00151844]
 [0.00161516 0.0017282  0.00161628 ... 0.00174345 0.00157846 0.00154024]
 [0.00158756 0.0017586  0.0015989  ... 0.00170582 0.00164625 0.00152067]]

-6.325465299964876
0.0
-0.17666836852415368
2.5
[[0.00143519 0.00147692 0.00129693 ... 0.00139553 0.00134518 0.00117281]
 [0.00136947 0.00123655 0.00137552 ... 0.00138504 0.00119729 0.0014131 ]
 [0.00116015 0.0013213  0.00127502 ... 0.00115778 0.00139816 0.00116159]
 ...
 [0.00121899 0.00142316 0.0011657  ... 0.00111254 0.00143484 0.00125752]
 [0.001438   0.00120295 0.00139313 ... 0.00136755 0.00120704 0.00140642]
 [0.0012686  0.00142297 0.00131907 ... 0.00140172 0.00127474 0.00123298]]

-7.747984772948049
0.0
-1.2473578351616557
2.5
[[0.00071343 0.00073221 0.00075711 ... 0.00073401 0.00072531 0.00072053]
 [0.00078386 0.00060322 0.00073239 ... 0.00067899 0.00065372 0.00082678]
 [0.00072311 0.0007057  0.00065655 ... 0.00065759 0.0007419  0.00067005]
 ...
 [0.00078993 0.00070602 0.00065985 ... 0.00067289 0.0007496  0.0006731 ]
 [0.00076111 0.0006432  0.0007259  ... 0.00066994 0.00067096 0.0008342 ]
 [0.0006863  0.00075081 0.00070507 ... 0.00066872 0.00077668 0.00070196]]

-7.97000046409714
0.0
-1.4015150388232516
2.5
[[0.0006575  0.00068664 0.00072373 ... 0.00071195 0.00062549 0.00062128]
 [0.00062282 0.00071353 0.00067224 ... 0.00065915 0.0007036  0.00059938]
 [0.00067078 0.00061796 0.00069285 ... 0.00064361 0.00060957 0.00075231]
 ...
 [0.00063177 0.00063677 0.00066653 ... 0.00061912 0.00063779 0.00070124]
 [0.0006721  0.00065237 0.00067102 ... 0.00064571 0.00066282 0.00065317]
 [0.00068125 0.00068569 0.00071828 ... 0.00073712 0.00060283 0.00064115]]

-6.481606298913864
0.0
-1.1520850002901748
2.5
[[0.0010763  0.00102358 0.0009709  ... 0.00101942 0.00109754 0.00106918]
 [0.0009711  0.00116936 0.00095047 ... 0.00102447 0.00113241 0.00090085]
 [0.00106457 0.00105897 0.0010488  ... 0.00109481 0.00098791 0.00106815]
 ...
 [0.00096119 0.00104869 0.00106151 ... 0.00109274 0.00096149 0.00105864]
 [0.00104069 0.00113365 0.00094867 ... 0.00104575 0.00110574 0.0009039 ]
 [0.00111351 0.00099444 0.00101157 ... 0.00105066 0.00101472 0.0011006 ]]

-4.405362763060235
0.0
-2.949692498536442
2.5
[[0.00159759 0.0016543  0.00170115 ... 0.00176176 0.00152676 0.00156329]
 [0.00154181 0.00160644 0.00178412 ... 0.00179553 0.00151142 0.00152322]
 [0.00157134 0.00163578 0.00177075 ... 0.00170719 0.00157787 0.00159656]
 ...
 [0.00155331 0.0015644  0.00181964 ... 0.00174642 0.00153556 0.00158694]
 [0.00160535 0.00160193 0.00173938 ... 0.00177024 0.00148751 0.0015864 ]
 [0.00163118 0.00167141 0.00166396 ... 0.00172878 0.00152989 0.00159923]]

-4.9735599402767345
0.0
-0.4107293355407782
2.5
[[0.00231195 0.00191126 0.00207892 ... 0.00188099 0.00216786 0.00248454]
 [0.00241698 0.00208356 0.00195121 ... 0.00185589 0.00224092 0.00210491]
 [0.0021636  0.0022502  0.00195052 ... 0.00218793 0.00203173 0.00227956]
 ...
 [0.00240502 0.00204364 0.00210302 ... 0.00229538 0.00186646 0.00241865]
 [0.00210093 0.00219693 0.00186986 ... 0.0018503  0.00232173 0.00191005]
 [0.00209615 0.00202168 0.0020405  ... 0.0018948  0.0022114  0.00218875]]

-6.061921778318566
0.0
-2.3128653568252515
2.5
[[0.0009702  0.0009736  0.00103649 ... 0.00100891 0.00091748 0.00095756]
 [0.0009428  0.00097    0.00107444 ... 0.00101044 0.00095508 0.00094971]
 [0.00099779 0.00097044 0.00097655 ... 0.00092131 0.00102673 0.00104707]
 ...
 [0.00096408 0.00093021 0.00098452 ... 0.00088139 0.00102968 0.00101999]
 [0.00097075 0.00092908 0.00106249 ... 0.0010333  0.00091364 0.00097891]
 [0.00099197 0.00096805 0.00100527 ... 0.00099047 0.00090403 0.00097771]]

-4.234021884159322
0.0
-1.651051346911854
2.5
[[0.00229181 0.00209188 0.00246095 ... 0.00229086 0.00208376 0.00236128]
 [0.00219994 0.00214466 0.00231281 ... 0.00209183 0.00234736 0.00232609]
 [0.00236976 0.00211801 0.00228726 ... 0.00204206 0.00218681 0.00256146]
 ...
 [0.00219886 0.00224524 0.00219497 ... 0.00200447 0.00230459 0.00231645]
 [0.0022831  0.00198802 0.00234298 ... 0.00207409 0.00225165 0.00239743]
 [0.00236852 0.00205454 0.00248142 ... 0.00236011 0.00201881 0.00243727]]

-6.252565348981702
0.0
-0.3377864656805656
2.5
[[0.00142267 0.00146257 0.00134584 ... 0.00141339 0.00130136 0.00119902]
 [0.00126442 0.0012332  0.00136853 ... 0.00134309 0.00119756 0.00135981]
 [0.00116034 0.0012792  0.0012605  ... 0.00114445 0.00138192 0.00112781]
 ...
 [0.00112758 0.00140087 0.00116013 ... 0.00110872 0.00143625 0.00116464]
 [0.0014287  0.00120255 0.00137305 ... 0.00132665 0.00119856 0.00142869]
 [0.00138086 0.00136811 0.00136602 ... 0.00140538 0.00121713 0.00129496]]

-4.508437082694172
0.0
-2.909980538390143
2.5
[[0.00153052 0.001636   0.00156461 ... 0.0016983  0.0015219  0.0014588 ]
 [0.00147725 0.001626   0.00164374 ... 0.00172438 0.00152479 0.00141508]
 [0.00151741 0.0016757  0.00163539 ... 0.00166669 0.00155311 0.00148058]
 ...
 [0.00147861 0.00161769 0.00170175 ... 0.00170473 0.00152007 0.00145084]
 [0.0015154  0.0015982  0.00161995 ... 0.0017298  0.00147393 0.00144593]
 [0.0015585  0.00164039 0.00153015 ... 0.00167906 0.00150832 0.00148551]]

-4.858829572770654
0.0
-1.1407253498038452
2.5
[[0.00196487 0.00180124 0.00177326 ... 0.00174598 0.00203827 0.0020024 ]
 [0.00183921 0.00201245 0.00167267 ... 0.00171004 0.00202213 0.00184213]
 [0.00211335 0.00200827 0.00168239 ... 0.00183219 0.00197195 0.00185781]
 ...
 [0.00191724 0.00201801 0.00172363 ... 0.00190917 0.00189656 0.00186732]
 [0.00182768 0.00201974 0.00166468 ... 0.0017572  0.00204114 0.00168123]
 [0.00201565 0.00168141 0.00182219 ... 0.00170788 0.00191574 0.0020383 ]]

-7.525805987619528
0.0
-0.10490029014830604
2.5
[[0.00109812 0.00082132 0.00083397 ... 0.00080783 0.00093192 0.00107797]
 [0.00078249 0.0010324  0.00082628 ... 0.0009261  0.00096726 0.00082174]
 [0.00087895 0.00081224 0.00097061 ... 0.00092939 0.00086218 0.00084744]
 ...
 [0.00080647 0.00088424 0.00093681 ... 0.00088582 0.00093421 0.0008048 ]
 [0.00089845 0.00097384 0.00088466 ... 0.00096648 0.00087265 0.00095135]
 [0.00111576 0.00085    0.00081076 ... 0.00081651 0.00097131 0.00100546]]

-5.118767373915074
0.0
-1.0446144354137776
2.5
[[0.00169648 0.00172774 0.00187946 ... 0.00176992 0.00171608 0.00171947]
 [0.0018658  0.00152421 0.00178307 ... 0.00163951 0.00155833 0.00205748]
 [0.00198778 0.0016688  0.00158961 ... 0.00150224 0.00181432 0.00171001]
 ...
 [0.00201807 0.00171211 0.00155641 ... 0.00151731 0.00183753 0.00170503]
 [0.00169535 0.00156211 0.00177768 ... 0.00161996 0.00160243 0.00189262]
 [0.00167385 0.00161403 0.00182356 ... 0.00165809 0.00172818 0.00169102]]

-7.032686999501502
0.0
-0.26322324789421714
2.5
[[0.00109421 0.00110565 0.00108794 ... 0.00109113 0.00100641 0.00097368]
 [0.00115293 0.00088239 0.00107465 ... 0.00096394 0.00094311 0.00112766]
 [0.00094082 0.00109544 0.00092115 ... 0.00093707 0.00107793 0.00096966]
 ...
 [0.00102978 0.00108158 0.0009209  ... 0.00096394 0.00102999 0.00106114]
 [0.00111617 0.00092828 0.00101647 ... 0.00092672 0.00102814 0.0010349 ]
 [0.00093629 0.00106827 0.00110783 ... 0.00108557 0.00094177 0.00100507]]

-4.715093449330445
0.0
-1.8864906217746769
2.5
[[0.0017603  0.00176381 0.00156563 ... 0.00170047 0.00180907 0.0017147 ]
 [0.0016412  0.0017516  0.00166389 ... 0.00168058 0.00180663 0.00155364]
 [0.0016133  0.00201928 0.00161534 ... 0.00180555 0.00188511 0.00148901]
 ...
 [0.00158126 0.00195191 0.00161376 ... 0.00178989 0.00187958 0.00144238]
 [0.00173332 0.0017677  0.00168753 ... 0.00173591 0.00173894 0.00161565]
 [0.00180514 0.00179402 0.00150608 ... 0.00169507 0.0018024  0.00175858]]

-5.26815203181294
0.0
-0.5476674625378362
2.5
[[0.00194555 0.00195247 0.00195538 ... 0.0019738  0.00176271 0.00178021]
 [0.00169131 0.00168186 0.00191749 ... 0.00181939 0.00166611 0.00187934]
 [0.00175953 0.00176435 0.00172814 ... 0.00156532 0.00193418 0.00162358]
 ...
 [0.00154422 0.00191813 0.00161317 ... 0.00153616 0.00200483 0.00154899]
 [0.00194761 0.00164723 0.00191174 ... 0.00179678 0.00167157 0.00197353]
 [0.00203655 0.00176391 0.00197832 ... 0.00194376 0.00161837 0.00195517]]

-6.161945980768044
0.0
-2.0298098475349433
2.5
[[0.00098084 0.00104194 0.00103172 ... 0.00103864 0.00095713 0.00094356]
 [0.00095544 0.00097181 0.00111972 ... 0.0011109  0.00090694 0.00092145]
 [0.00093711 0.00095815 0.00103221 ... 0.00097178 0.00101645 0.00096221]
 ...
 [0.00097696 0.00088029 0.00105737 ... 0.00096037 0.00096006 0.00101853]
 [0.00101536 0.00101628 0.00107566 ... 0.00108657 0.00094086 0.00099113]
 [0.00099498 0.00107361 0.00100417 ... 0.00099696 0.00098335 0.00096205]]

-5.408245945322882
0.0
-0.7452624025029335
2.5
[[0.00158031 0.0018267  0.00168549 ... 0.00177155 0.00166129 0.00145452]
 [0.00171537 0.00163604 0.00170772 ... 0.00179467 0.00149059 0.00172205]
 [0.00187601 0.00145457 0.00173842 ... 0.00163017 0.00150221 0.00180096]
 ...
 [0.00190935 0.00144448 0.00171661 ... 0.00157752 0.00156023 0.00173794]
 [0.00153674 0.00157247 0.00176769 ... 0.00177849 0.00144107 0.00168979]
 [0.00157963 0.00176503 0.00162349 ... 0.00173337 0.0016965  0.00135652]]

-4.142995197642758
0.0
-2.725568523250055
2.5
[[0.00190813 0.00175149 0.00196546 ... 0.00178756 0.00185632 0.00198528]
 [0.0019821  0.00181689 0.00186988 ... 0.00168743 0.00193453 0.00206822]
 [0.00202539 0.00175723 0.00183482 ... 0.00175311 0.00189871 0.002087  ]
 ...
 [0.0020203  0.00182596 0.00177805 ... 0.0016847  0.00198141 0.00208693]
 [0.00189945 0.00177281 0.00192765 ... 0.00172509 0.00193735 0.00198357]
 [0.00187374 0.00170612 0.0019984  ... 0.0018264  0.00182498 0.00194573]]

-7.903679249245626
0.0
-1.5290172662548018
2.5
[[0.0006498  0.00067083 0.00072635 ... 0.00070461 0.00061788 0.00062268]
 [0.00063626 0.00070929 0.0006595  ... 0.00063836 0.00070792 0.00063124]
 [0.00069992 0.00061304 0.00067968 ... 0.00062717 0.00061495 0.0007752 ]
 ...
 [0.00065383 0.00064166 0.00065028 ... 0.00060994 0.00064164 0.00072273]
 [0.00065305 0.00064284 0.00066517 ... 0.00062839 0.00067205 0.00065241]
 [0.00066493 0.00065168 0.00073284 ... 0.00073652 0.00058875 0.00063361]]

-7.333693023671572
0.0
-2.5295634137811316
2.5
[[0.00067928 0.00068024 0.00062646 ... 0.00065947 0.00069622 0.00067426]
 [0.00065401 0.00065661 0.00064352 ... 0.00069219 0.00065734 0.00063458]
 [0.00062149 0.0006799  0.0007158  ... 0.00072429 0.00065487 0.00058594]
 ...
 [0.00064197 0.00068023 0.00072201 ... 0.00075111 0.00063874 0.00059657]
 [0.00068211 0.00069558 0.00063013 ... 0.00066666 0.00067984 0.00066064]
 [0.00068707 0.00069881 0.00062373 ... 0.00064365 0.00071234 0.00068377]]

-5.713712563378597
0.0
-0.8457338864477264
2.5
[[0.00153595 0.00137801 0.00130704 ... 0.00130308 0.00154005 0.00160828]
 [0.00146755 0.00146709 0.00128664 ... 0.00131713 0.00154005 0.00125609]
 [0.00123916 0.00149431 0.00138234 ... 0.00150128 0.00138264 0.00133139]
 ...
 [0.00125182 0.00145743 0.00142451 ... 0.00151669 0.00133495 0.00139816]
 [0.00160449 0.00150367 0.00125268 ... 0.00133479 0.00154426 0.00133188]
 [0.00152083 0.00140942 0.00131444 ... 0.00134121 0.00145857 0.00161956]]

-7.740283425586665
0.0
-2.203039999347676
2.5
[[0.00064    0.00062609 0.00064202 ... 0.00061166 0.00062051 0.00064716]
 [0.00062402 0.00057776 0.00065476 ... 0.00065442 0.00059972 0.00063875]
 [0.00060821 0.00056786 0.00063161 ... 0.0005699  0.00064787 0.00064019]
 ...
 [0.00062611 0.00055228 0.00064879 ... 0.00058884 0.00061817 0.00065147]
 [0.00066214 0.00060313 0.00061901 ... 0.00062082 0.00062601 0.000684  ]
 [0.00065173 0.00064524 0.00062513 ... 0.00058509 0.0006411  0.00066176]]

-6.64972757622188
0.0
-1.2427453981338752
2.5
[[0.00098106 0.00092701 0.0009229  ... 0.0009291  0.00103998 0.00101815]
 [0.00102952 0.00095539 0.00089949 ... 0.00090892 0.00096088 0.00107962]
 [0.00108996 0.0010137  0.00087529 ... 0.00094185 0.00102038 0.00092159]
 ...
 [0.00108536 0.00100263 0.00090275 ... 0.00098287 0.00097496 0.00096565]
 [0.00093832 0.00100149 0.00089903 ... 0.00093192 0.00099957 0.00095442]
 [0.00095015 0.00087589 0.0009389  ... 0.00087688 0.00102802 0.00098153]]

-5.9501113655467535
0.0
-1.4103622873293244
2.5
[[0.00120712 0.00116215 0.00124588 ... 0.00118583 0.00115463 0.0012347 ]
 [0.00121298 0.00100615 0.00121276 ... 0.00108336 0.00114226 0.00126923]
 [0.00110295 0.00117625 0.0011079  ... 0.0010753  0.00122011 0.00111307]
 ...
 [0.00117092 0.00118577 0.00108276 ... 0.00106388 0.00126111 0.00105405]
 [0.00128663 0.00103323 0.00119166 ... 0.00106239 0.00112256 0.00137603]
 [0.00121227 0.00121566 0.00116137 ... 0.00113059 0.00121694 0.00125324]]

-6.924820899887544
0.0
-2.689802181790879
2.5
[[0.00070999 0.00072925 0.00077371 ... 0.0007408  0.00070102 0.00070516]
 [0.00074114 0.00072056 0.00073162 ... 0.00070526 0.00069698 0.00074299]
 [0.00073839 0.00066431 0.00073167 ... 0.00073266 0.00068424 0.00075932]
 ...
 [0.00076327 0.00067891 0.00070148 ... 0.00069757 0.00070787 0.00079376]
 [0.00072489 0.00073053 0.00075632 ... 0.00071642 0.00072554 0.00073429]
 [0.00069407 0.00072341 0.00079464 ... 0.0007572  0.00070374 0.00069155]]

-6.520418919672111
0.0
-2.309187262661542
2.5
[[0.00086417 0.00084887 0.00079892 ... 0.00082544 0.00090505 0.00087419]
 [0.00088313 0.00084566 0.00076636 ... 0.0008333  0.00086584 0.00087556]
 [0.00083645 0.00084984 0.00088108 ... 0.00090429 0.00082807 0.00078483]
 ...
 [0.00086881 0.00089622 0.00086428 ... 0.0009286  0.00083421 0.00080538]
 [0.00086682 0.00088288 0.00078907 ... 0.00082093 0.00090582 0.00086026]
 [0.00084452 0.00085321 0.00081843 ... 0.00083024 0.00091834 0.00085573]]

-4.6096021905820175
0.0
-0.8132340611406592
2.5
[[0.00219933 0.00254711 0.00220758 ... 0.00239876 0.00240935 0.00207634]
 [0.00254662 0.0023336  0.00228743 ... 0.00248863 0.00217539 0.00230913]
 [0.00234162 0.00208395 0.00250255 ... 0.00251444 0.00198013 0.00247184]
 ...
 [0.0026525  0.0019801  0.00254641 ... 0.00245137 0.00200421 0.00255737]
 [0.00229957 0.00230424 0.00233801 ... 0.00248002 0.00211979 0.0023264 ]
 [0.00207581 0.00260203 0.00211851 ... 0.00239146 0.00248824 0.0018622 ]]

-7.029238530272419
0.0
-1.5574043888386193
2.5
[[0.00080186 0.00083953 0.0009034  ... 0.00088428 0.00077341 0.00076565]
 [0.00080161 0.00090554 0.00082569 ... 0.00082055 0.00087441 0.00078954]
 [0.00089793 0.00074977 0.00086121 ... 0.00079026 0.00075213 0.00098339]
 ...
 [0.0008415  0.00078082 0.00083214 ... 0.00077458 0.00077218 0.00094048]
 [0.00079656 0.00082876 0.00083619 ... 0.00080945 0.00084629 0.00078866]
 [0.00081018 0.00080645 0.00093125 ... 0.00092741 0.00073312 0.00076763]]

-5.469302141234071
0.0
-2.04692556650782
2.5
[[0.00124045 0.00129453 0.00119819 ... 0.00130902 0.00125266 0.00118265]
 [0.0011706  0.00130987 0.00128996 ... 0.00130385 0.00126346 0.00110496]
 [0.00120835 0.00142326 0.00125181 ... 0.00134728 0.00131956 0.00114875]
 ...
 [0.00116649 0.00137121 0.00124523 ... 0.00130452 0.00132827 0.00112302]
 [0.00121379 0.00128259 0.00131848 ... 0.00135564 0.00119994 0.00112947]
 [0.00127092 0.00129744 0.00116219 ... 0.00130448 0.00122925 0.00120753]]

-6.3462687271925855
0.0
-0.4845038231150167
2.5
[[0.00130471 0.00134415 0.00121792 ... 0.00128415 0.00124726 0.00115238]
 [0.00109423 0.00128814 0.00123659 ... 0.00132495 0.00116809 0.00118883]
 [0.00133003 0.00109597 0.00127439 ... 0.00116504 0.00118256 0.00124079]
 ...
 [0.00118344 0.00116071 0.00121462 ... 0.00112017 0.00125465 0.00112604]
 [0.00116156 0.00120519 0.00130001 ... 0.00133595 0.00108939 0.00127792]
 [0.00139312 0.00126576 0.00120113 ... 0.00127074 0.00123467 0.00115119]]

-7.279144100848012
0.0
-2.4994006379913762
2.5
[[0.00067999 0.00070292 0.00065477 ... 0.00068704 0.00070302 0.0006659 ]
 [0.00067302 0.00068524 0.00065394 ... 0.00070288 0.00066018 0.00064424]
 [0.00063943 0.00068582 0.00073862 ... 0.00075907 0.00064317 0.00059754]
 ...
 [0.00066946 0.00069759 0.00072732 ... 0.00077072 0.00064126 0.0006236 ]
 [0.00068494 0.00072558 0.00066072 ... 0.00068751 0.00069242 0.00065692]
 [0.00067691 0.00071645 0.00066568 ... 0.0006829  0.00071831 0.00066499]]

-5.7138750680162484
0.0
-2.055014102942745
2.5
[[0.00115084 0.00108834 0.00108089 ... 0.00108331 0.00118818 0.00117708]
 [0.00118788 0.00115567 0.00100321 ... 0.00102466 0.00123558 0.00121001]
 [0.00120191 0.00119093 0.00110248 ... 0.00114374 0.00115045 0.00114714]
 ...
 [0.00117339 0.00128333 0.00105635 ... 0.00115438 0.0012004  0.00111054]
 [0.00111926 0.00111997 0.00106624 ... 0.00104629 0.00122372 0.00112683]
 [0.00112575 0.00104962 0.00110652 ... 0.00112817 0.00115438 0.0011459 ]]

-7.525184105205746
0.0
-0.1328555565946874
2.5
[[0.00108873 0.00081695 0.00083084 ... 0.00080471 0.00092692 0.00107411]
 [0.00077833 0.0010255  0.00082278 ... 0.00091991 0.00096375 0.00081331]
 [0.0008931  0.00080846 0.000964   ... 0.00093091 0.00085022 0.00086082]
 ...
 [0.00081346 0.00086657 0.00093983 ... 0.00089277 0.00091489 0.00080718]
 [0.00088207 0.00097134 0.00087814 ... 0.00095796 0.00087358 0.00093595]
 [0.00111271 0.00084544 0.00080739 ... 0.00081308 0.00096716 0.00099974]]

-4.775565051874974
0.0
-1.1678484109965555
2.5
[[0.00202034 0.00192242 0.00178926 ... 0.00185236 0.00210748 0.00199977]
 [0.00183532 0.00218761 0.00171237 ... 0.00184674 0.00214    0.00172978]
 [0.00209542 0.00204819 0.00183072 ... 0.00200559 0.00193115 0.00198084]
 ...
 [0.00186855 0.00203784 0.00188432 ... 0.00206726 0.00185476 0.00197188]
 [0.00190642 0.00214854 0.00171497 ... 0.00189982 0.00211943 0.00166335]
 [0.00208613 0.00184366 0.0018535  ... 0.0018535  0.00196986 0.00205058]]

-7.051214942975954
0.0
-2.4900422350184384
2.5
[[0.00069093 0.00074013 0.0007677  ... 0.00076377 0.00069122 0.00066493]
 [0.00072657 0.00076275 0.00073611 ... 0.00072116 0.00070427 0.00070498]
 [0.00074629 0.00071006 0.00074428 ... 0.00075912 0.00068234 0.00074299]
 ...
 [0.00075352 0.00072575 0.00071247 ... 0.00071456 0.00071896 0.00076467]
 [0.00069118 0.00074638 0.00077745 ... 0.00075427 0.0007056  0.00067467]
 [0.00067089 0.00072066 0.00078814 ... 0.00078493 0.00067829 0.00064501]]

-5.118536409197927
0.0
-1.5610093273129282
2.5
[[0.00158082 0.00149015 0.00168576 ... 0.00159208 0.00144861 0.0016031 ]
 [0.00150405 0.00146642 0.00158186 ... 0.00142865 0.00161351 0.00157374]
 [0.00156273 0.00149301 0.00154424 ... 0.0014161  0.00152279 0.00170759]
 ...
 [0.00147327 0.00155888 0.00147785 ... 0.00138242 0.00160734 0.00152856]
 [0.00161035 0.00136606 0.00158923 ... 0.00141427 0.00152596 0.00168738]
 [0.00164043 0.00149331 0.00165741 ... 0.00162457 0.00142778 0.00166655]]

-4.492084821755722
0.0
-2.6205382625727305
2.5
[[0.0016043  0.00175385 0.00168258 ... 0.00179711 0.00163169 0.00153688]
 [0.00163434 0.00170261 0.00168852 ... 0.00182551 0.00154993 0.00156195]
 [0.00157713 0.00161824 0.00184727 ... 0.00187991 0.00150868 0.00153824]
 ...
 [0.00165983 0.0016165  0.00183622 ... 0.0018978  0.00149624 0.00163487]
 [0.00163844 0.00177048 0.00168597 ... 0.00177882 0.0016186  0.00158089]
 [0.00158108 0.00176806 0.00170421 ... 0.00178509 0.00165624 0.00152096]]

-7.1634476578685895
0.0
-0.5833199597849781
2.5
[[0.00095958 0.00103572 0.00097589 ... 0.0010033  0.00093062 0.00085381]
 [0.00086638 0.00094829 0.00095617 ... 0.00098222 0.00087033 0.00094268]
 [0.00103009 0.0008543  0.00093289 ... 0.00084777 0.00092711 0.00095043]
 ...
 [0.00092828 0.00090269 0.00088384 ... 0.0008288  0.00096968 0.00087292]
 [0.0008868  0.0008908  0.00099238 ... 0.0009854  0.00082478 0.0009787 ]
 [0.0010249  0.00095315 0.00096076 ... 0.00097857 0.0009132  0.00085885]]

-7.5531686572224235
0.0
-2.0949672299682534
2.5
[[0.00067307 0.00063767 0.00064541 ... 0.00063941 0.000692   0.00069736]
 [0.00070945 0.00064738 0.00058997 ... 0.00061106 0.00069324 0.00073356]
 [0.00069297 0.00064296 0.00066392 ... 0.0006626  0.00064977 0.0006814 ]
 ...
 [0.00069918 0.00069688 0.00064038 ... 0.00067882 0.00066532 0.00067895]
 [0.0006729  0.00065    0.00062081 ... 0.00060946 0.00071495 0.00069735]
 [0.00065046 0.00062491 0.00066604 ... 0.00066051 0.00068893 0.00067495]]

-5.620944500955066
0.0
-1.5908769656181474
2.5
[[0.0012949  0.00129602 0.00116807 ... 0.0012505  0.00137501 0.00129887]
 [0.00132231 0.00127017 0.00125952 ... 0.00129983 0.00125464 0.0012692 ]
 [0.00123267 0.00137682 0.00120126 ... 0.00132066 0.00135408 0.00107765]
 ...
 [0.00135134 0.00129445 0.0012505  ... 0.00134533 0.00127537 0.00119912]
 [0.00129906 0.00139499 0.00123517 ... 0.00130598 0.00132174 0.00124769]
 [0.00125568 0.00132239 0.00114812 ... 0.00117924 0.0014228  0.00126127]]

-5.1273610450159595
0.0
-0.7331279984379102
2.5
[[0.0019772  0.00182589 0.00197883 ... 0.00187031 0.0018178  0.00198238]
 [0.00174969 0.00170139 0.00185418 ... 0.00168395 0.0017825  0.00190071]
 [0.00187557 0.00188088 0.00164938 ... 0.00158115 0.00200763 0.00168521]
 ...
 [0.00161598 0.00199015 0.00158507 ... 0.00160923 0.002019   0.00160555]
 [0.00195968 0.00170656 0.00181688 ... 0.00167931 0.00181248 0.00191284]
 [0.00210417 0.00162928 0.00200313 ... 0.00183183 0.00164744 0.00216091]]

-6.50843406009345
0.0
-1.3003655540014631
2.5
[[0.00100952 0.00097843 0.00093473 ... 0.00098394 0.0010707  0.00101283]
 [0.0010038  0.00111124 0.00092002 ... 0.00099565 0.00105057 0.00098567]
 [0.00112224 0.00103165 0.0009715  ... 0.0010341  0.00099177 0.00101765]
 ...
 [0.00106989 0.00101345 0.00099973 ... 0.00105857 0.00093991 0.00105986]
 [0.00094395 0.0011152  0.00092555 ... 0.00102133 0.00106916 0.0008785 ]
 [0.0009964  0.00092482 0.00098656 ... 0.00097712 0.00102149 0.00098543]]

-5.18385080046548
0.0
-0.7186430041622103
2.5
[[0.0019024  0.00185446 0.00196811 ... 0.00190301 0.00176153 0.001847  ]
 [0.0016901  0.00167002 0.0018667  ... 0.00172613 0.00168984 0.00189918]
 [0.00192415 0.00177902 0.00166639 ... 0.00154478 0.00193952 0.00170418]
 ...
 [0.00165547 0.00189816 0.00158507 ... 0.00155001 0.00198045 0.00158719]
 [0.00185623 0.00164548 0.00185348 ... 0.00171532 0.00170047 0.00190755]
 [0.00204803 0.00163672 0.00198219 ... 0.00185315 0.00161245 0.00201877]]

-4.5505144305096294
0.0
-2.611810263832324
2.5
[[0.00158283 0.00172865 0.00158364 ... 0.00172109 0.0016353  0.00150679]
 [0.00158204 0.00166974 0.00161306 ... 0.00177837 0.00154419 0.00149162]
 [0.00151138 0.00163257 0.00176573 ... 0.00181987 0.00151874 0.00144066]
 ...
 [0.00158426 0.00161653 0.00177912 ... 0.00186046 0.00148326 0.00151774]
 [0.00161089 0.00174766 0.00159075 ... 0.00172804 0.00160496 0.00152997]
 [0.0015726  0.00175548 0.00159058 ... 0.00169747 0.00166575 0.0015036 ]]

-6.05522516396443
0.0
-0.5246993196607805
2.5
[[0.00146096 0.00138515 0.0014319  ... 0.00138841 0.00132186 0.00140699]
 [0.00136265 0.00120426 0.00136853 ... 0.0012306  0.00128419 0.00139988]
 [0.00118226 0.00140053 0.00121022 ... 0.00119194 0.00144984 0.00116101]
 ...
 [0.00115453 0.00147036 0.00116942 ... 0.00121094 0.00144192 0.00122012]
 [0.00151885 0.00124167 0.00131179 ... 0.001211   0.00134149 0.00142344]
 [0.00144424 0.0012874  0.00145732 ... 0.00137684 0.00120472 0.00150649]]

-7.643878413310367
0.0
-1.932466030194873
2.5
[[0.00066554 0.00063284 0.00067214 ... 0.00065064 0.00066779 0.00068586]
 [0.00070431 0.00065685 0.00060198 ... 0.00059505 0.0007085  0.00073628]
 [0.00071693 0.00063685 0.00065257 ... 0.00063531 0.0006502  0.00073275]
 ...
 [0.00070067 0.00069201 0.00062362 ... 0.00064424 0.00067244 0.00070946]
 [0.00066171 0.00063034 0.0006324  ... 0.00059642 0.00071045 0.00069348]
 [0.0006471  0.00060603 0.00069217 ... 0.00068298 0.00064899 0.00066709]]

-7.640223822889912
0.0
-0.4223970851739205
2.5
[[0.00090723 0.00076475 0.00079939 ... 0.00075806 0.00085975 0.00096976]
 [0.00096353 0.00079682 0.00079081 ... 0.00077174 0.00085262 0.00084942]
 [0.00084467 0.00086386 0.00080615 ... 0.00088696 0.00078644 0.00088454]
 ...
 [0.00091779 0.00078446 0.00087021 ... 0.00091093 0.00073463 0.00092033]
 [0.00085387 0.0008407  0.00076506 ... 0.00076491 0.0008912  0.00076699]
 [0.00079528 0.00081015 0.00079046 ... 0.00077108 0.00086468 0.00086923]]

-4.141234836876856
0.0
-1.857558851129312
2.5
[[0.00228737 0.00205852 0.00234709 ... 0.00211568 0.00219451 0.00237906]
 [0.00230424 0.00218338 0.00217801 ... 0.0019978  0.00240592 0.00242623]
 [0.00244799 0.00214738 0.00219856 ... 0.001988   0.00225347 0.00249921]
 ...
 [0.00233535 0.00232734 0.00210742 ... 0.00199237 0.00234779 0.00236517]
 [0.00223303 0.00207109 0.00222463 ... 0.00197611 0.00238591 0.00232641]
 [0.00229854 0.00197706 0.00240198 ... 0.00219343 0.00211581 0.00238015]]

-4.832584264887024
0.0
-0.9938223647413311
2.5
[[0.0021175  0.0019155  0.0018207  ... 0.00181162 0.00214152 0.00215865]
 [0.00189071 0.00211772 0.00173045 ... 0.00178821 0.00217809 0.0017134 ]
 [0.00191226 0.00211001 0.00182682 ... 0.00200116 0.00198743 0.00189668]
 ...
 [0.0017022  0.00209668 0.00187313 ... 0.00206216 0.00191437 0.00188225]
 [0.0021039  0.00211282 0.00170619 ... 0.00183823 0.00215653 0.00176785]
 [0.00218829 0.00187725 0.00185966 ... 0.00183377 0.00198835 0.00224949]]

-6.279657910546398
0.0
-1.2896706873726789
2.5
[[0.00107903 0.00113086 0.00112276 ... 0.0011592  0.00105576 0.00101457]
 [0.00100083 0.00119291 0.00108173 ... 0.00112162 0.00114107 0.00092276]
 [0.00107168 0.00101736 0.00115814 ... 0.00110945 0.00096559 0.00119766]
 ...
 [0.00100023 0.00102254 0.00113838 ... 0.00107284 0.00098878 0.00113843]
 [0.00110107 0.00111028 0.00108312 ... 0.00111246 0.00108234 0.00101766]
 [0.00111795 0.00114236 0.00112984 ... 0.00119854 0.00101319 0.00104883]]

-6.702377989232014
0.0
-2.5492294952482473
2.5
[[0.00080193 0.00073933 0.00076015 ... 0.00074554 0.00078352 0.00082796]
 [0.00078601 0.00075275 0.00077096 ... 0.00074683 0.000823   0.00081661]
 [0.00080994 0.00078264 0.00072542 ... 0.00069994 0.00084528 0.00083579]
 ...
 [0.00077801 0.00077271 0.00075708 ... 0.00070527 0.00084035 0.00079268]
 [0.00079193 0.00072311 0.00075246 ... 0.00075893 0.00078695 0.00081754]
 [0.00081279 0.00073056 0.00073622 ... 0.00073325 0.00076956 0.00083693]]

-6.6946519000077265
0.0
-0.9565240961304946
2.5
[[0.00107312 0.00095043 0.0009609  ... 0.00094558 0.00106648 0.00111464]
 [0.00096415 0.0010178  0.00091064 ... 0.00089494 0.00105716 0.0009897 ]
 [0.00104365 0.00106323 0.00092214 ... 0.00098187 0.00105067 0.00095389]
 ...
 [0.00092357 0.00107721 0.00093108 ... 0.00100911 0.0010175  0.00094478]
 [0.00103203 0.00102347 0.00089344 ... 0.00092204 0.00106061 0.00095263]
 [0.00112812 0.00086487 0.00099571 ... 0.00094318 0.00096409 0.00117918]]

-5.183589086371031
0.0
-2.886023127974004
2.5
[[0.00120175 0.00121205 0.00127483 ... 0.00123338 0.00115104 0.00119961]
 [0.00117991 0.00114451 0.00129994 ... 0.00126444 0.00110711 0.00118647]
 [0.00116026 0.0011241  0.00131508 ... 0.00124259 0.00115693 0.00119955]
 ...
 [0.00119446 0.00109025 0.00130187 ... 0.00125545 0.00113004 0.00123878]
 [0.00123265 0.00118926 0.00126009 ... 0.00120998 0.00114959 0.00124674]
 [0.00121595 0.00123775 0.00126528 ... 0.0012074  0.00117711 0.00121868]]

-4.131114740252669
0.0
-0.28026579601044777
2.5
[[0.00386507 0.00298666 0.00348211 ... 0.0030171  0.00339249 0.00405395]
 [0.00345085 0.00348141 0.00310447 ... 0.00285976 0.00371689 0.00315194]
 [0.00379094 0.00356605 0.00298648 ... 0.00337327 0.00320339 0.00387463]
 ...
 [0.00393747 0.00316925 0.00325403 ... 0.00362907 0.00289579 0.00388061]
 [0.00304508 0.00366227 0.00294501 ... 0.00283694 0.0038093  0.00298257]
 [0.00379226 0.00312482 0.00339633 ... 0.00300044 0.00351571 0.00366228]]

-6.385619646313421
0.0
-2.2673465344728663
2.5
[[0.00087347 0.00090985 0.00086892 ... 0.00092359 0.00091336 0.00084809]
 [0.00090461 0.0009626  0.00084158 ... 0.00088449 0.00092122 0.00086992]
 [0.00091724 0.00095957 0.00092559 ... 0.00099186 0.00086699 0.000853  ]
 ...
 [0.00091242 0.00100346 0.00088647 ... 0.00096706 0.00091217 0.00085784]
 [0.000852   0.00094116 0.00090636 ... 0.00092363 0.00091037 0.00081241]
 [0.00084837 0.00088415 0.00089246 ... 0.00095221 0.00089117 0.00081885]]

-7.5076772672976775
0.0
-1.3023689559671008
2.5
[[0.00076263 0.00072642 0.00070927 ... 0.00073046 0.00081352 0.00078997]
 [0.00080465 0.00075198 0.00070629 ... 0.00072809 0.00074525 0.00083159]
 [0.00083651 0.00078864 0.00069655 ... 0.00075004 0.0007853  0.00071398]
 ...
 [0.0008453  0.0007705  0.00072264 ... 0.00078002 0.00074375 0.00075877]
 [0.00073248 0.00079513 0.00070712 ... 0.00074689 0.00078031 0.00073863]
 [0.00073109 0.00069602 0.00072709 ... 0.00069128 0.00081116 0.00075423]]

-5.955481373258215
0.0
-2.1884655069966614
2.5
[[0.00104919 0.00101437 0.00106261 ... 0.00099881 0.00101058 0.00107063]
 [0.00103554 0.00093712 0.00108789 ... 0.00106276 0.00097301 0.00106609]
 [0.00099997 0.00092455 0.00103831 ... 0.00092457 0.00106234 0.00105291]
 ...
 [0.00103457 0.00089638 0.0010605  ... 0.00094394 0.00101403 0.00107571]
 [0.00108928 0.00098194 0.00103429 ... 0.00101655 0.00101991 0.00113197]
 [0.00106006 0.00104443 0.00103862 ... 0.00095798 0.00104498 0.00108699]]

-4.0596506419439
0.0
-1.6268510766771183
2.5
[[0.00260436 0.00235074 0.00242563 ... 0.00224324 0.00254288 0.00269121]
 [0.00250401 0.00224065 0.00239142 ... 0.00210509 0.00260038 0.00252512]
 [0.00231056 0.00273001 0.00218505 ... 0.00218841 0.00276153 0.00218019]
 ...
 [0.00233826 0.00271811 0.00212866 ... 0.00217874 0.00280391 0.00203456]
 [0.00265319 0.00230699 0.00236776 ... 0.00211884 0.00254437 0.00266445]
 [0.00263571 0.0024293  0.00232642 ... 0.00222555 0.00260472 0.00273701]]

-5.423067020805471
0.0
-0.46852965645125577
2.5
[[0.00186108 0.00193641 0.00174196 ... 0.00186499 0.00175133 0.00160021]
 [0.00152073 0.00176476 0.0017905  ... 0.00188236 0.00161097 0.00171176]
 [0.00181039 0.00155296 0.00180552 ... 0.0016296  0.0017089  0.00167224]
 ...
 [0.00157105 0.00168435 0.00170358 ... 0.00155395 0.00182812 0.00151511]
 [0.00171568 0.00165784 0.00186459 ... 0.00188782 0.00152379 0.00186268]
 [0.00198487 0.00179357 0.00174003 ... 0.0018487  0.0016854  0.00168887]]

-7.579532417545276
0.0
-2.4579432678912747
2.5
[[0.00065529 0.00060572 0.00060307 ... 0.00059819 0.00064264 0.00067659]
 [0.00062645 0.00059067 0.0006232  ... 0.0006274  0.00064792 0.00064813]
 [0.00062445 0.00062099 0.00061522 ... 0.00058345 0.00067557 0.00064037]
 ...
 [0.00061414 0.00060942 0.00064393 ... 0.00060707 0.00065505 0.0006152 ]
 [0.00065574 0.00059232 0.00059083 ... 0.00061062 0.00063744 0.00067525]
 [0.00067184 0.00061376 0.00057892 ... 0.00057383 0.00064643 0.0006933 ]]

-6.447018281524043
0.0
-0.8993726107214952
2.5
[[0.00112421 0.00113777 0.00103716 ... 0.00107783 0.0011648  0.00112865]
 [0.00116672 0.00113752 0.00106156 ... 0.00113043 0.00112979 0.00096771]
 [0.00097387 0.00106415 0.00115774 ... 0.00118469 0.00098048 0.00109506]
 ...
 [0.0010689  0.00101999 0.00117952 ... 0.0011553  0.00097987 0.0011422 ]
 [0.00121194 0.0011451  0.00105693 ... 0.00112071 0.00111443 0.00105574]
 [0.0010793  0.00121238 0.00100521 ... 0.00110515 0.00116485 0.00108596]]

-6.695273253667874
0.0
-2.029597599141165
2.5
[[0.00084939 0.00080096 0.0008318  ... 0.00080586 0.00086411 0.00088068]
 [0.00089902 0.0008227  0.00075502 ... 0.00076464 0.00088637 0.00093556]
 [0.00089302 0.00080651 0.0008299  ... 0.00081298 0.00082684 0.00089044]
 ...
 [0.00089196 0.0008768  0.00079911 ... 0.00083213 0.00084862 0.00088054]
 [0.00084695 0.00081251 0.00078963 ... 0.00076034 0.0009069  0.00088299]
 [0.00082194 0.00077702 0.00085782 ... 0.00083663 0.0008521  0.00085276]]

-7.767147621693736
0.0
-1.026481086529556
2.5
[[0.00072303 0.00075561 0.00078168 ... 0.0007587  0.00075123 0.00071999]
 [0.00079702 0.00066408 0.00072879 ... 0.00068872 0.00067524 0.00087267]
 [0.00084506 0.000732   0.00066292 ... 0.0006603  0.00077716 0.00073222]
 ...
 [0.00083253 0.00074366 0.00066061 ... 0.00068695 0.00077011 0.00072278]
 [0.00072288 0.00067584 0.00073322 ... 0.00069657 0.00068932 0.00079942]
 [0.00070958 0.00069825 0.00076521 ... 0.00070248 0.00075108 0.00070533]]

-5.985902306518529
0.0
-0.5313388526251455
2.5
[[0.00149968 0.00135148 0.00143034 ... 0.00135427 0.00137029 0.0015199 ]
 [0.00147804 0.00122877 0.00136081 ... 0.00121436 0.00135369 0.00142386]
 [0.00118308 0.00147113 0.00122521 ... 0.00127028 0.00146121 0.00120936]
 ...
 [0.00123213 0.00149242 0.00122423 ... 0.00130719 0.00141712 0.00131734]
 [0.00157207 0.00129957 0.00128575 ... 0.00119517 0.00143368 0.00140589]
 [0.00142266 0.00130294 0.0014514  ... 0.00135431 0.00126812 0.0015609 ]]

-4.5714083374164165
0.0
-2.6725308797570944
2.5
[[0.00156795 0.0016932  0.00152668 ... 0.00167041 0.00161159 0.00149176]
 [0.00152384 0.00162715 0.00159241 ... 0.00174439 0.00153208 0.00143402]
 [0.00146721 0.00164765 0.00169508 ... 0.0017458  0.00154289 0.00139488]
 ...
 [0.00150827 0.00160086 0.00173981 ... 0.00180184 0.00148482 0.00143383]
 [0.00158644 0.00169439 0.00154519 ... 0.00169732 0.0015645  0.00149817]
 [0.00158188 0.00172989 0.00150915 ... 0.00163484 0.00164004 0.00151124]]

-5.039562819313983
0.0
-1.6100525428462138
2.5
[[0.00164416 0.00149169 0.00166118 ... 0.00155452 0.00152692 0.00169933]
 [0.00155701 0.00145258 0.00157745 ... 0.00139598 0.00166664 0.0016363 ]
 [0.00156476 0.00161223 0.00150631 ... 0.00143128 0.00163923 0.0016394 ]
 ...
 [0.00149475 0.00166919 0.00144384 ... 0.00140849 0.00171835 0.0014621 ]
 [0.00166524 0.00138926 0.00158251 ... 0.00139348 0.00158261 0.00174174]
 [0.00170192 0.00150534 0.00161285 ... 0.00157327 0.00151976 0.00176275]]

-4.064008663324646
0.0
-0.10579654246753778
2.5
[[0.0046022  0.00337983 0.00361701 ... 0.00315845 0.00390561 0.00441488]
 [0.00315726 0.0043441  0.00316398 ... 0.00325041 0.0042122  0.00330814]
 [0.00401877 0.0032272  0.00384157 ... 0.00425114 0.00313155 0.00386214]
 ...
 [0.00343275 0.00312056 0.00421823 ... 0.00444403 0.00322548 0.00333279]
 [0.00358676 0.0042476  0.00317408 ... 0.00339889 0.00392667 0.00383284]
 [0.00463285 0.00351176 0.00348573 ... 0.00313155 0.0040749  0.00411398]]

-7.519442056656797
0.0
-1.1542085420095693
2.5
[[0.00079219 0.00073066 0.00072287 ... 0.00073807 0.00082676 0.00081822]
 [0.00077643 0.00080349 0.00069835 ... 0.000721   0.00079736 0.00080473]
 [0.00086394 0.00080864 0.00071985 ... 0.00076836 0.00079405 0.00076063]
 ...
 [0.00080142 0.00080441 0.00073531 ... 0.00079156 0.00075768 0.00077275]
 [0.00074298 0.00081072 0.00069861 ... 0.00074688 0.00080761 0.00071689]
 [0.00079522 0.00067074 0.00075724 ... 0.00072518 0.00077585 0.00081627]]

-7.129268623662389
0.0
-2.5953258797897054
2.5
[[0.00068151 0.00073425 0.00071812 ... 0.00072999 0.00069125 0.0006533 ]
 [0.00068788 0.00071517 0.00070683 ... 0.00072773 0.00065658 0.00065403]
 [0.00066788 0.00068327 0.00076367 ... 0.00077827 0.00064256 0.00064426]
 ...
 [0.0007014  0.00068933 0.0007386  ... 0.00076653 0.00065092 0.00068451]
 [0.00069272 0.00074815 0.0007208  ... 0.00071985 0.00069158 0.0006634 ]
 [0.00067431 0.00074236 0.0007353  ... 0.00073379 0.00070314 0.00064892]]

-5.624182669362149
0.0
-2.181779402585636
2.5
[[0.00114984 0.00114003 0.00107979 ... 0.00112495 0.00121313 0.00114846]
 [0.00119266 0.00120262 0.00101859 ... 0.00108865 0.00122442 0.00117748]
 [0.00118908 0.00121757 0.00115    ... 0.00122209 0.00113979 0.00110366]
 ...
 [0.00118544 0.00130096 0.00110698 ... 0.00122837 0.00118674 0.00109911]
 [0.00112241 0.00118671 0.00108707 ... 0.00111236 0.00122654 0.00109788]
 [0.00111639 0.00110935 0.00111058 ... 0.00116131 0.0011901  0.00110944]]

-4.805992485559153
0.0
-1.4270363229081093
2.5
[[0.00182694 0.00180109 0.00167136 ... 0.00171499 0.00197751 0.0018453 ]
 [0.00192379 0.00185693 0.00169137 ... 0.00174226 0.00183636 0.00189429]
 [0.00191733 0.00193122 0.00163131 ... 0.00180302 0.00192319 0.00162156]
 ...
 [0.00204392 0.00187117 0.00169108 ... 0.00186236 0.00182231 0.00179571]
 [0.001779   0.00199191 0.00166828 ... 0.00175742 0.00193211 0.00173031]
 [0.00174834 0.00177367 0.00166854 ... 0.0016191  0.00200932 0.00175264]]

-5.740329198035322
0.0
-1.204127020457467
2.5
[[0.00134377 0.00125221 0.00124019 ... 0.00124299 0.00141509 0.00138304]
 [0.00134331 0.00136121 0.00119177 ... 0.00122034 0.00135611 0.00138485]
 [0.00149375 0.00138417 0.0011876  ... 0.00128584 0.00137534 0.00127981]
 ...
 [0.00142502 0.00137946 0.00122138 ... 0.00133943 0.00131545 0.00132073]
 [0.00125723 0.00139238 0.00119041 ... 0.00125416 0.00139036 0.00122294]
 [0.00133586 0.00116656 0.00127573 ... 0.00119707 0.00135943 0.00136234]]

-7.927204107119766
0.0
-2.0780816310780756
2.5
[[0.00060828 0.00063968 0.00063853 ... 0.00062835 0.00058984 0.00058571]
 [0.00058486 0.00059956 0.00068784 ... 0.00067996 0.00056807 0.00056672]
 [0.00058241 0.00059042 0.00062598 ... 0.00058168 0.00063601 0.0006    ]
 ...
 [0.00060014 0.00054636 0.00064334 ... 0.00057847 0.00060371 0.000627  ]
 [0.00062642 0.00062088 0.00065421 ... 0.00066015 0.00058442 0.00061296]
 [0.00062267 0.00065849 0.0006178  ... 0.00060046 0.00060403 0.00060163]]

-4.8470590938999045
0.0
-0.820002969903666
2.5
[[0.00219215 0.00198793 0.00187554 ... 0.00183478 0.00221869 0.00229014]
 [0.00216866 0.00210156 0.00181224 ... 0.00184246 0.00222066 0.00181329]
 [0.00174332 0.00217427 0.00192156 ... 0.00211812 0.00200223 0.0019001 ]
 ...
 [0.00179724 0.00211031 0.00198939 ... 0.00217031 0.00191558 0.00201588]
 [0.00232245 0.0021605  0.00176439 ... 0.00187333 0.00222909 0.00191273]
 [0.00212567 0.00205173 0.00187293 ... 0.00187597 0.00212947 0.00225546]]

-6.440458987703016
0.0
-2.5192816710269463
2.5
[[0.0008622  0.0008703  0.00079374 ... 0.00083959 0.00088958 0.00085197]
 [0.00083579 0.00084125 0.00081191 ... 0.00088125 0.00083998 0.00080703]
 [0.00079141 0.00086666 0.0009023  ... 0.0009172  0.00083566 0.00074299]
 ...
 [0.00081951 0.00086758 0.00091207 ... 0.00095172 0.00081402 0.00075898]
 [0.00086732 0.00089073 0.00079538 ... 0.00085043 0.00086998 0.00083699]
 [0.00086853 0.00089277 0.00079142 ... 0.00082067 0.00091026 0.00086073]]

-4.1359662797644186
0.0
-0.41324678262636594
2.5
[[0.00355194 0.00291847 0.00334062 ... 0.00291873 0.00327932 0.00382675]
 [0.00376948 0.00314755 0.00304341 ... 0.0027439  0.00347471 0.00325423]
 [0.00318715 0.00362467 0.00277375 ... 0.00305756 0.00330997 0.00340843]
 ...
 [0.00367819 0.00335531 0.00291537 ... 0.00325392 0.00301185 0.00376616]
 [0.00328598 0.00335883 0.00287121 ... 0.00270137 0.00364192 0.00293681]
 [0.00323248 0.00306098 0.00328344 ... 0.00292113 0.00332877 0.00339494]]

-5.799777899402915
0.0
-1.0769721580016518
2.5
[[0.00137207 0.00124507 0.00127374 ... 0.00124198 0.00140269 0.00142144]
 [0.0013104  0.00133494 0.00119804 ... 0.00118435 0.00136321 0.00137802]
 [0.00148543 0.00139185 0.00117638 ... 0.00125454 0.00139859 0.00128359]
 ...
 [0.00135077 0.00140706 0.00119492 ... 0.00130743 0.00135105 0.00127966]
 [0.00128714 0.00134874 0.00119046 ... 0.00121943 0.00138214 0.00124665]
 [0.0014078  0.00113291 0.00130797 ... 0.00120518 0.0013109  0.0014531 ]]

-6.458006000988497
0.0
-2.659678026153174
2.5
[[0.000844   0.00083388 0.00076641 ... 0.00081565 0.00085675 0.00083604]
 [0.00080194 0.00082674 0.0008126  ... 0.00085603 0.00084788 0.00078319]
 [0.00079373 0.00088443 0.00084286 ... 0.00084934 0.00086099 0.00075841]
 ...
 [0.00078164 0.00086321 0.00088168 ... 0.00088861 0.00083271 0.00073506]
 [0.00083332 0.00083613 0.00078067 ... 0.0008389  0.00083171 0.00080568]
 [0.0008621  0.00084585 0.00074268 ... 0.00079212 0.00085783 0.00085308]]

-4.731680729858324
0.0
-1.479203206761789
2.5
[[0.00183841 0.00189563 0.00169755 ... 0.0018178  0.00201132 0.00180522]
 [0.00192509 0.0020025  0.00174053 ... 0.00187521 0.00188869 0.00183753]
 [0.00196687 0.00193771 0.00174041 ... 0.0019237  0.00189268 0.00172392]
 ...
 [0.00207684 0.00186225 0.00181316 ... 0.00197833 0.00177261 0.00192563]
 [0.00177953 0.00211392 0.00172502 ... 0.00188988 0.0019855  0.00167669]
 [0.00176327 0.00185809 0.00172475 ... 0.0017429  0.0020207  0.00171241]]

-4.941229790369222
0.0
-0.1041430466948956
2.5
[[0.00283564 0.00205541 0.00223088 ... 0.00200919 0.00237164 0.0028094 ]
 [0.00198139 0.00264997 0.00202746 ... 0.00212874 0.00256906 0.002053  ]
 [0.00244146 0.00204574 0.00244523 ... 0.00261293 0.00202606 0.00235589]
 ...
 [0.00213974 0.00203021 0.00260876 ... 0.00264777 0.00211191 0.00209095]
 [0.00221279 0.00258474 0.00206652 ... 0.00222155 0.00239352 0.00235148]
 [0.00289082 0.00213917 0.00215679 ... 0.00200396 0.00248421 0.00260813]]

-7.2327242981519735
0.0
-1.931543009137634
2.5
[[0.00074627 0.00077317 0.00071615 ... 0.00076409 0.00074786 0.00071928]
 [0.0007001  0.00075115 0.00081127 ... 0.00080965 0.00071763 0.00065727]
 [0.00068794 0.00081621 0.00074773 ... 0.00077512 0.0007928  0.00065314]
 ...
 [0.00070359 0.00075451 0.00076413 ... 0.00075771 0.00076384 0.00067882]
 [0.00074698 0.00077944 0.00079402 ... 0.0008168  0.00071384 0.00069713]
 [0.00076497 0.00079365 0.00068717 ... 0.00073466 0.00075456 0.00073788]]

