-6.699391460537485
0.0
-1.8691408239501879
2.5
[[0.00087743 0.00080754 0.0008518  ... 0.00083515 0.0008676  0.00090734]
 [0.00088396 0.00085259 0.00078681 ... 0.00075045 0.00094686 0.00092533]
 [0.00091641 0.0008945  0.00082378 ... 0.00083224 0.0008807  0.00092239]
 ...
 [0.00086725 0.00095716 0.00078456 ... 0.00083099 0.00092374 0.00085442]
 [0.00085582 0.00079938 0.0008258  ... 0.00076811 0.00090923 0.00088539]
 [0.0008773  0.00077309 0.00085725 ... 0.00087306 0.00083119 0.00090426]]

-6.1864616058189625
0.0
-0.29492309830491603
2.5
[[0.001445   0.00147909 0.00142066 ... 0.00145716 0.00132279 0.0012563 ]
 [0.00145122 0.00118646 0.00142719 ... 0.00132308 0.00122391 0.00146887]
 [0.00117948 0.00140594 0.00123427 ... 0.00117622 0.00144803 0.00119517]
 ...
 [0.00125852 0.00146555 0.00117023 ... 0.00117622 0.0014372  0.00131093]
 [0.00150027 0.00121006 0.00138335 ... 0.00128306 0.00129628 0.00142116]
 [0.00128609 0.00140833 0.00144808 ... 0.00145024 0.00123023 0.00132663]]

-7.793199654823669
0.0
-1.4873433937586649
2.5
[[0.00069591 0.00068358 0.00073587 ... 0.00070999 0.000652   0.00068989]
 [0.00066348 0.00064578 0.00069268 ... 0.00063051 0.00071111 0.00068307]
 [0.00066223 0.00067015 0.00066784 ... 0.00064009 0.00068003 0.00072023]
 ...
 [0.00064935 0.0006938  0.00064236 ... 0.0006249  0.0007178  0.00065297]
 [0.0007233  0.00061014 0.00068807 ... 0.00061879 0.0006699  0.00075417]
 [0.00072277 0.00069566 0.00069783 ... 0.00070625 0.00065444 0.0007192 ]]

-4.056579243371846
0.0
-2.7506039581474435
2.5
[[0.00199791 0.00183826 0.00193133 ... 0.00177546 0.00200078 0.00205304]
 [0.00203888 0.00192866 0.00184756 ... 0.00168563 0.00210032 0.00209392]
 [0.00209329 0.0019354  0.00177491 ... 0.00175688 0.00206702 0.00209772]
 ...
 [0.00205039 0.00199954 0.00174507 ... 0.00169983 0.00214135 0.00205139]
 [0.00196372 0.00186541 0.00190298 ... 0.00174786 0.00206861 0.00200499]
 [0.00197723 0.00179278 0.00195016 ... 0.00181653 0.00195902 0.0020233 ]]

-5.019552658179559
0.0
-1.1387494732331236
2.5
[[0.00177082 0.00169113 0.00182709 ... 0.00170266 0.00181321 0.00183967]
 [0.00189727 0.00160485 0.00172815 ... 0.00159895 0.00167421 0.00206588]
 [0.00201553 0.00178659 0.00155189 ... 0.00155214 0.00190164 0.00168164]
 ...
 [0.00203741 0.00181662 0.00154657 ... 0.00159868 0.00188456 0.00171823]
 [0.00172947 0.00167743 0.00171152 ... 0.00159831 0.00173907 0.00185906]
 [0.00173751 0.00158648 0.00179228 ... 0.0015887  0.00181478 0.00180019]]

-5.768828998952998
0.0
-0.6203558521264654
2.5
[[0.0015616  0.00137244 0.00135643 ... 0.00130171 0.00155436 0.00168281]
 [0.00167826 0.00144144 0.00133774 ... 0.00133776 0.00153707 0.00140758]
 [0.0013227  0.00152665 0.00140761 ... 0.0015508  0.00138902 0.00144154]
 ...
 [0.00150218 0.00143312 0.00148709 ... 0.00158066 0.00131545 0.00157564]
 [0.0015969  0.0015146  0.00129694 ... 0.00134023 0.00157913 0.00136407]
 [0.00141655 0.00145324 0.00133861 ... 0.00133285 0.00154299 0.00153633]]

-5.20318180703295
0.0
-1.8431498897052239
2.5
[[0.00137167 0.00143107 0.00153904 ... 0.00148903 0.00135203 0.00135913]
 [0.0014802  0.00143515 0.00149712 ... 0.00150086 0.00136162 0.00149358]
 [0.00151154 0.00120168 0.0015087  ... 0.00134964 0.00131203 0.00159962]
 ...
 [0.00156646 0.00121989 0.00150264 ... 0.00136004 0.00127158 0.00169224]
 [0.00140542 0.00144561 0.0014859  ... 0.00144764 0.00145056 0.00144424]
 [0.00132451 0.00139701 0.00159205 ... 0.00150126 0.00134558 0.00131541]]

-7.879398711640859
0.0
-1.7256702966118251
2.5
[[0.00062155 0.00065585 0.00070504 ... 0.00067779 0.00061524 0.00060278]
 [0.00066393 0.00069098 0.00063813 ... 0.00064158 0.00066489 0.00066007]
 [0.00071147 0.00056922 0.00066451 ... 0.00060551 0.00059483 0.00076055]
 ...
 [0.00069799 0.00059456 0.00064639 ... 0.00060792 0.00059538 0.00076335]
 [0.00062427 0.00065897 0.0006482  ... 0.0006276  0.0006779  0.0006294 ]
 [0.00060402 0.00062709 0.00073808 ... 0.00071088 0.00059492 0.00058403]]

-6.972310064283038
0.0
-0.43093448969495407
2.5
[[0.00109744 0.00106819 0.00107421 ... 0.00105565 0.00099999 0.00102375]
 [0.00106568 0.00089594 0.00103752 ... 0.00092977 0.00095817 0.00107419]
 [0.00088452 0.00106267 0.00091755 ... 0.00092379 0.00107681 0.00089297]
 ...
 [0.00091931 0.00109517 0.00090147 ... 0.00094096 0.00105861 0.00096813]
 [0.00113923 0.00093476 0.00098509 ... 0.00090788 0.00101767 0.00106283]
 [0.00103502 0.00100838 0.00109462 ... 0.00104913 0.00091891 0.00108369]]

-4.29566338481103
0.0
-2.763240309212591
2.5
[[0.00173306 0.00171875 0.00189797 ... 0.00182547 0.00166125 0.00176401]
 [0.0017944  0.00167054 0.00186392 ... 0.00180408 0.00161958 0.00183576]
 [0.00175727 0.001561   0.00193434 ... 0.00183012 0.00161364 0.00182944]
 ...
 [0.00183729 0.0015766  0.00188476 ... 0.00181023 0.00163017 0.00192305]
 [0.00178096 0.00172147 0.00186648 ... 0.00175616 0.00170023 0.0018399 ]
 [0.00170259 0.00172138 0.00192554 ... 0.00182349 0.00168237 0.00173959]]

-5.605973286570583
0.0
-2.053828164656563
2.5
[[0.00119037 0.00117022 0.0011042  ... 0.00117345 0.00123012 0.00117821]
 [0.00117487 0.00124729 0.00109018 ... 0.00111488 0.00128356 0.00115329]
 [0.00121664 0.00134527 0.00115049 ... 0.00125731 0.00123247 0.00113284]
 ...
 [0.001159   0.00139247 0.00111031 ... 0.00123893 0.00128697 0.00107718]
 [0.00114073 0.00119273 0.00116026 ... 0.00116932 0.00122368 0.0010943 ]
 [0.00119073 0.00113748 0.00110543 ... 0.00121072 0.00118463 0.00116932]]

-7.073311458709324
0.0
-2.4433844053729836
2.5
[[0.0006904  0.00074074 0.00076382 ... 0.00076646 0.00069188 0.00066192]
 [0.0007237  0.00077075 0.000738   ... 0.00072432 0.00071019 0.0006994 ]
 [0.00074978 0.00072484 0.00074373 ... 0.00076177 0.00068967 0.00074176]
 ...
 [0.00075001 0.00073927 0.00071289 ... 0.00071583 0.00072774 0.00075704]
 [0.00068626 0.00074675 0.00078123 ... 0.00076207 0.00070266 0.00066559]
 [0.00067132 0.00071858 0.00078159 ... 0.0007874  0.00067488 0.00064201]]

-4.701256361506298
0.0
-1.3243818107543888
2.5
[[0.00194453 0.00197918 0.00180433 ... 0.00194499 0.00207563 0.00187114]
 [0.00186635 0.00224776 0.00176359 ... 0.0019639  0.00209453 0.00175869]
 [0.00216208 0.00198223 0.00189808 ... 0.00205934 0.00186566 0.00204647]
 ...
 [0.00202464 0.00195941 0.00196006 ... 0.00211029 0.00178081 0.0021049 ]
 [0.00181719 0.0022072  0.00177857 ... 0.00200272 0.00209912 0.00163002]
 [0.00196144 0.00189508 0.00188502 ... 0.00193621 0.00197375 0.00185738]]

-7.783980439014755
0.0
-1.1431479013057293
2.5
[[0.00070396 0.00074919 0.00077436 ... 0.00074918 0.00072853 0.00070132]
 [0.00080186 0.00061751 0.00073652 ... 0.00068943 0.00064605 0.00085097]
 [0.0007701  0.00070102 0.00066006 ... 0.00065197 0.00074355 0.00069818]
 ...
 [0.00082285 0.00070437 0.0006611  ... 0.00067096 0.00074858 0.00070103]
 [0.00074422 0.00064739 0.00073652 ... 0.00068349 0.00066464 0.00082509]
 [0.00066992 0.00074575 0.0007297  ... 0.00068376 0.00077084 0.000673  ]]

-5.264762939009185
0.0
-0.31067918553236984
2.5
[[0.00205069 0.00203506 0.00205794 ... 0.00207562 0.00185173 0.00188098]
 [0.00215993 0.00165108 0.00205544 ... 0.00187362 0.00174943 0.0021254 ]
 [0.00167021 0.00205895 0.00172692 ... 0.00164574 0.00209897 0.00171503]
 ...
 [0.00183251 0.00211931 0.00163906 ... 0.00165418 0.00205513 0.00191595]
 [0.00216085 0.00171065 0.00197819 ... 0.00180468 0.00188076 0.00199746]
 [0.00178162 0.00196118 0.0020939  ... 0.0020677  0.00173282 0.00193027]]

-4.650782817630113
0.0
-2.5733298867352645
2.5
[[0.00156179 0.00164844 0.00144626 ... 0.00157069 0.00163604 0.00150193]
 [0.00152521 0.00159428 0.00149176 ... 0.00165344 0.00155311 0.0014384 ]
 [0.00144613 0.0016264  0.00161173 ... 0.00167395 0.00155216 0.00134873]
 ...
 [0.00149502 0.00160336 0.00165304 ... 0.00173565 0.00149732 0.00138388]
 [0.00157659 0.00167268 0.00144897 ... 0.00160866 0.00159556 0.0014903 ]
 [0.00156742 0.00168502 0.00143373 ... 0.00153578 0.00166867 0.00151289]]

-7.92372885799466
0.0
-0.4159913571825298
2.5
[[0.00084411 0.00084919 0.00082647 ... 0.00082663 0.00077135 0.00075365]
 [0.0007846  0.00070238 0.00080073 ... 0.00072801 0.00073145 0.00081725]
 [0.00068687 0.0007998  0.00071651 ... 0.00070823 0.00082486 0.00068232]
 ...
 [0.0006947  0.00083937 0.00069459 ... 0.00071449 0.00082361 0.00072749]
 [0.00086359 0.00072017 0.00076713 ... 0.00071354 0.00076572 0.0008299 ]
 [0.0008195  0.00078862 0.00084308 ... 0.00081888 0.00070603 0.00081679]]

-6.387678223449022
0.0
-1.091024604329459
2.5
[[0.001108   0.00112798 0.00105471 ... 0.00110552 0.00111628 0.00107285]
 [0.00104083 0.00116933 0.00105244 ... 0.00111644 0.00114126 0.00090085]
 [0.00098783 0.00104843 0.0011503  ... 0.00115152 0.000972   0.00110785]
 ...
 [0.00097361 0.00102954 0.00115092 ... 0.00111699 0.00098071 0.00109656]
 [0.00116517 0.00113396 0.00104627 ... 0.00111089 0.00109932 0.00101943]
 [0.00112753 0.0011727  0.0010453  ... 0.00114074 0.00108172 0.00109806]]

-4.860163701151754
0.0
-1.3284652815705291
2.5
[[0.00183172 0.00175235 0.00170454 ... 0.00168694 0.00196015 0.00187847]
 [0.00192462 0.00181731 0.00167363 ... 0.00167915 0.00183134 0.00195551]
 [0.00198831 0.00191602 0.00159489 ... 0.00173733 0.00193512 0.00165867]
 ...
 [0.0020615  0.00188897 0.001642   ... 0.00180388 0.00185298 0.00179289]
 [0.00176047 0.00192898 0.00165449 ... 0.00169812 0.00191712 0.00174921]
 [0.00176604 0.00169414 0.00170328 ... 0.00158745 0.00197087 0.00179585]]

-7.186456350468258
0.0
-2.1727930409079956
2.5
[[0.00071002 0.00074401 0.00072778 ... 0.00076411 0.00071001 0.00067792]
 [0.00069703 0.00077915 0.00076436 ... 0.00075171 0.00073527 0.0006656 ]
 [0.00073589 0.00080824 0.00073644 ... 0.00076901 0.00075457 0.00070763]
 ...
 [0.00070738 0.00079307 0.00072176 ... 0.00072798 0.00077573 0.00069328]
 [0.00069058 0.00074202 0.00079057 ... 0.00079217 0.00069244 0.00065067]
 [0.00071422 0.00072849 0.00071587 ... 0.00076816 0.00068492 0.00067708]]

-7.566529652166899
0.0
-2.2977628977197586
2.5
[[0.00067046 0.00062955 0.00061845 ... 0.00060945 0.0006733  0.0006943 ]
 [0.00065921 0.00059254 0.00061189 ... 0.00064137 0.00064144 0.00067854]
 [0.00062324 0.00060323 0.00065557 ... 0.00062471 0.00065372 0.00062568]
 ...
 [0.00064548 0.00061559 0.00066516 ... 0.00065776 0.00063362 0.00063123]
 [0.0006845  0.00062899 0.00059277 ... 0.0006092  0.00067448 0.00070736]
 [0.00067459 0.00064767 0.00061308 ... 0.00059127 0.00069532 0.00070118]]

-4.943942805274997
0.0
-1.1654104997896222
2.5
[[0.00184597 0.0017118  0.00178625 ... 0.00169093 0.00191453 0.00191672]
 [0.0018878  0.00176215 0.00168732 ... 0.00162071 0.0018127  0.00200559]
 [0.00207896 0.00189045 0.00157162 ... 0.00164915 0.00195312 0.00172717]
 ...
 [0.00202783 0.00191072 0.00159091 ... 0.00171761 0.00190174 0.00177478]
 [0.00174696 0.00182606 0.00167225 ... 0.00164207 0.00187446 0.0017763 ]
 [0.00183477 0.00159248 0.00178852 ... 0.00159695 0.00187111 0.00189199]]

-6.9219715726192526
0.0
-0.5024359499733464
2.5
[[0.00110505 0.00104186 0.00106514 ... 0.00103192 0.00101054 0.00107011]
 [0.00105593 0.00090625 0.00101968 ... 0.00091192 0.00098074 0.00105799]
 [0.00088488 0.00106812 0.00091786 ... 0.00093899 0.00107671 0.00089005]
 ...
 [0.00090366 0.00109829 0.00090952 ... 0.0009593  0.00105613 0.00095829]
 [0.00114734 0.00094977 0.00096547 ... 0.00089624 0.00103649 0.00105822]
 [0.00106868 0.0009817  0.0010857  ... 0.00102781 0.00092403 0.00113197]]

-5.868614878853665
0.0
-2.9293691003003968
2.5
[[0.00096759 0.00091655 0.00095504 ... 0.00089998 0.00095881 0.00100063]
 [0.0009801  0.00088559 0.0009169  ... 0.00089136 0.00093404 0.00101331]
 [0.00094876 0.00085669 0.0009205  ... 0.00091727 0.0009383  0.00097938]
 ...
 [0.00098354 0.00087448 0.00088941 ... 0.00089956 0.00094277 0.00101154]
 [0.0009895  0.00092223 0.00091994 ... 0.00087354 0.00098352 0.00102916]
 [0.00096036 0.00092683 0.00096853 ... 0.0009031  0.00097803 0.00099566]]

-4.227307182811487
0.0
-1.5385196056493962
2.5
[[0.00239265 0.00218037 0.00252813 ... 0.0023527  0.00216569 0.00247378]
 [0.00228708 0.00207935 0.00242012 ... 0.00213379 0.00235215 0.00240546]
 [0.00226784 0.00225788 0.00230786 ... 0.00208342 0.00232958 0.00243112]
 ...
 [0.00218158 0.00232898 0.002215   ... 0.00202875 0.00244987 0.00216813]
 [0.00247242 0.00199316 0.00241848 ... 0.00211332 0.00224599 0.00260514]
 [0.00246428 0.0022275  0.00247513 ... 0.00237466 0.00217951 0.00255994]]

-7.579820442326335
0.0
-0.38391709117583783
2.5
[[0.00093786 0.00076969 0.00079875 ... 0.00076228 0.00088167 0.0010003 ]
 [0.00093763 0.00086549 0.00079573 ... 0.00082191 0.00088512 0.00083834]
 [0.00092194 0.00084645 0.00085439 ... 0.00091754 0.00077912 0.0009418 ]
 ...
 [0.0009509  0.00076693 0.00091433 ... 0.00093199 0.00074274 0.00092992]
 [0.00081898 0.00088293 0.00079665 ... 0.00082571 0.00088948 0.00077631]
 [0.00085574 0.00082325 0.00077932 ... 0.00077463 0.0009127  0.00087053]]

-6.92720876551886
0.0
-1.563478665518058
2.5
[[0.0008477  0.00084086 0.00092591 ... 0.0008886  0.00079358 0.00083377]
 [0.00082005 0.00085923 0.00084731 ... 0.00079097 0.00090454 0.00083939]
 [0.00088055 0.00080348 0.0008527  ... 0.00079108 0.00081254 0.00097259]
 ...
 [0.00082468 0.0008456  0.00081343 ... 0.0007717  0.00085631 0.00088627]
 [0.00085656 0.00078243 0.00085473 ... 0.00078087 0.0008527  0.00088165]
 [0.00087501 0.00082461 0.00091846 ... 0.00091879 0.00076571 0.00085922]]

-4.4088085029765
0.0
-1.8132437399213472
2.5
[[0.0019117  0.00206176 0.00212938 ... 0.00219467 0.00190651 0.00186675]
 [0.00205786 0.00205118 0.00217979 ... 0.00224744 0.00185603 0.00203673]
 [0.00208384 0.00172513 0.00218765 ... 0.00204327 0.00183164 0.00218155]
 ...
 [0.00220629 0.00168043 0.00221432 ... 0.00204418 0.00173355 0.00237624]
 [0.00196354 0.00210207 0.00215282 ... 0.0021857  0.00198712 0.00198175]
 [0.0018446  0.00202714 0.00218291 ... 0.00217091 0.0019094  0.00180446]]

-5.496097532146789
0.0
-2.7861324018262588
2.5
[[0.00109566 0.00113408 0.00103925 ... 0.00112562 0.00111554 0.00105503]
 [0.00105048 0.00113755 0.00110135 ... 0.00116103 0.00111752 0.00100389]
 [0.00106256 0.00120206 0.00111346 ... 0.00114106 0.0011311  0.00100847]
 ...
 [0.00103424 0.00116743 0.00116756 ... 0.00118217 0.00110155 0.0009772 ]
 [0.00107684 0.00112701 0.00107358 ... 0.00115824 0.00108069 0.00101912]
 [0.00111535 0.00113998 0.00101039 ... 0.00110591 0.00110614 0.00107217]]

-5.862507543741042
0.0
-0.8280445181169833
2.5
[[0.00147508 0.00128397 0.00133358 ... 0.00126925 0.00141338 0.00153893]
 [0.00130965 0.00132058 0.00125146 ... 0.00117884 0.00141398 0.00131064]
 [0.00130543 0.00144046 0.00121501 ... 0.00128279 0.00143603 0.0012316 ]
 ...
 [0.00116463 0.00147105 0.00121882 ... 0.0013231  0.00139891 0.00122978]
 [0.00146834 0.00134726 0.00121103 ... 0.00120034 0.00143381 0.00131968]
 [0.00154563 0.00118777 0.00136585 ... 0.00126863 0.00127606 0.00164513]]

