-6.829320855439913
0.0
-2.378653978062758
2.5
[[0.0007859  0.00074969 0.00079144 ... 0.00075731 0.00074831 0.00079821]
 [0.00075974 0.00073669 0.00081485 ... 0.00077617 0.00077446 0.00078433]
 [0.00078519 0.00074819 0.00074621 ... 0.00068949 0.00083016 0.00082954]
 ...
 [0.00076323 0.00072203 0.00076949 ... 0.00068462 0.00081738 0.00080067]
 [0.00078958 0.00071654 0.00078416 ... 0.00077513 0.00075015 0.00081503]
 [0.00080541 0.00075109 0.00076102 ... 0.00073302 0.00074506 0.00081747]]

-7.554389430342386
0.0
-1.4024400621553652
2.5
[[0.00075122 0.00071594 0.00069978 ... 0.00071345 0.00078448 0.00078325]
 [0.00079121 0.00066353 0.00071844 ... 0.00070516 0.0007006  0.00082024]
 [0.00074407 0.00077277 0.00066719 ... 0.0007196  0.00078266 0.00064189]
 ...
 [0.00080632 0.00074957 0.0006924  ... 0.00074509 0.00075501 0.00068353]
 [0.00075831 0.00073353 0.00071    ... 0.00071147 0.00073764 0.00079072]
 [0.00072242 0.00072619 0.00067865 ... 0.00065214 0.00082221 0.00075778]]

-4.400506355011549
0.0
-0.12955760160111485
2.5
[[0.00325554 0.00314291 0.00333917 ... 0.00340624 0.00285925 0.00310668]
 [0.00349318 0.00257502 0.00339335 ... 0.00306533 0.00282183 0.00330294]
 [0.00305274 0.00347943 0.00262634 ... 0.00253843 0.00336139 0.00317328]
 ...
 [0.00343142 0.00331101 0.00252868 ... 0.00260186 0.00308866 0.00348402]
 [0.0030746  0.00276999 0.00322725 ... 0.00288031 0.00314789 0.00284455]
 [0.00284114 0.00308154 0.00339444 ... 0.00340109 0.00274799 0.00310491]]

-5.793009199860817
0.0
-0.9058541447370092
2.5
[[0.001484   0.00129055 0.00129881 ... 0.00126132 0.00145608 0.00155042]
 [0.00131623 0.00138956 0.00123133 ... 0.00120826 0.00146564 0.00127394]
 [0.00132877 0.00145893 0.00125125 ... 0.00134571 0.00141861 0.00127126]
 ...
 [0.00118584 0.00147031 0.0012693  ... 0.00138392 0.00137286 0.0012703 ]
 [0.00146632 0.00140711 0.00119947 ... 0.00123848 0.00147181 0.00128315]
 [0.00154986 0.00121783 0.00133437 ... 0.00127175 0.00132336 0.00164082]]

-5.488446229285058
0.0
-2.6921209248129574
2.5
[[0.00111966 0.00116777 0.00105793 ... 0.00114205 0.00114305 0.0010777 ]
 [0.00106658 0.00113666 0.00111943 ... 0.00119889 0.00110614 0.00101242]
 [0.00104475 0.00118893 0.00117502 ... 0.00119571 0.00112439 0.00098789]
 ...
 [0.00104826 0.00115205 0.00121659 ... 0.00124318 0.00108248 0.00098488]
 [0.00111733 0.0011682  0.00107897 ... 0.00116845 0.00110571 0.00105646]
 [0.00114172 0.00119197 0.00103431 ... 0.00111234 0.00115479 0.00110077]]

-7.637691991135314
0.0
-2.403818152931129
2.5
[[0.00064765 0.0006038  0.00061355 ... 0.00059793 0.00062836 0.00066645]
 [0.00062043 0.00058381 0.00063236 ... 0.00062756 0.00063478 0.00064356]
 [0.00062189 0.0006045  0.00060997 ... 0.00056817 0.00067105 0.0006476 ]
 ...
 [0.00061298 0.00058997 0.0006362  ... 0.00058625 0.0006506  0.0006258 ]
 [0.00065212 0.0005841  0.00059846 ... 0.00061019 0.00062636 0.00067521]
 [0.00066483 0.0006122  0.00058837 ... 0.00057238 0.00063343 0.00068413]]

-7.098253843032448
0.0
-0.13337931488035926
2.5
[[0.00108816 0.00113917 0.00107925 ... 0.00111209 0.00101803 0.00092412]
 [0.00117368 0.0008778  0.00109523 ... 0.00099596 0.00092958 0.00114083]
 [0.0009981  0.00110603 0.00092119 ... 0.00093543 0.00107243 0.00102766]
 ...
 [0.00108616 0.00105914 0.00092708 ... 0.00096797 0.00100514 0.00110164]
 [0.0010789  0.00092207 0.00104054 ... 0.00094994 0.00102482 0.00100569]
 [0.00089586 0.0011048  0.00110149 ... 0.00110863 0.00095627 0.00095986]]

-5.959632958131367
0.0
-1.063236798023148
2.5
[[0.00123579 0.00124779 0.00132961 ... 0.00126292 0.00126767 0.00125513]
 [0.00135153 0.00111822 0.00125017 ... 0.00116305 0.00114938 0.00148597]
 [0.00143619 0.00123845 0.00112263 ... 0.00110434 0.00132617 0.00122783]
 ...
 [0.00143749 0.00126322 0.00111392 ... 0.00113842 0.00132361 0.00122595]
 [0.0012278  0.00115061 0.00124866 ... 0.00116383 0.00118311 0.00135535]
 [0.00121445 0.00116045 0.001298   ... 0.00117417 0.00127015 0.00123179]]

-4.117217775872913
0.0
-2.3972417025783104
2.5
[[0.00212278 0.00191083 0.00204716 ... 0.0018677  0.00202781 0.002205  ]
 [0.00204184 0.00184686 0.00210113 ... 0.00190449 0.00203939 0.00211326]
 [0.00201749 0.0019622  0.00194633 ... 0.00175118 0.00222336 0.0020761 ]
 ...
 [0.00199273 0.00190404 0.00198607 ... 0.00174007 0.00218045 0.00200308]
 [0.00214703 0.00187124 0.00203506 ... 0.00191084 0.00202952 0.00221484]
 [0.00216653 0.00195136 0.00198467 ... 0.00181312 0.00205692 0.00225319]]

-5.180461456518525
0.0
-1.390197748973025
2.5
[[0.0015837  0.00157743 0.00172698 ... 0.00166403 0.00146839 0.00157483]
 [0.00155208 0.00142617 0.00165856 ... 0.0015174  0.00153962 0.00159117]
 [0.00148209 0.00147941 0.00159422 ... 0.00145857 0.00151309 0.00163561]
 ...
 [0.0014905  0.00150838 0.00153653 ... 0.00140907 0.00159412 0.00149765]
 [0.00169725 0.00137432 0.00164494 ... 0.0014844  0.00146924 0.00178154]
 [0.001617   0.0016406  0.00165338 ... 0.00165269 0.00150844 0.00162323]]

-6.167026741732691
0.0
-0.45027986059091685
2.5
[[0.00142093 0.00143889 0.00139919 ... 0.0014202  0.00128837 0.00126045]
 [0.00126503 0.00121065 0.00137432 ... 0.00129295 0.00121391 0.00136697]
 [0.00118571 0.00130793 0.00123155 ... 0.00114198 0.0014053  0.00113801]
 ...
 [0.00111881 0.00141705 0.00115036 ... 0.00112898 0.00144151 0.00115739]
 [0.00144478 0.00120174 0.00135397 ... 0.00127372 0.00123409 0.00143111]
 [0.00142826 0.00132113 0.00142134 ... 0.00140366 0.00118445 0.00137686]]

-5.288756223231218
0.0
-1.8990109123962557
2.5
[[0.00132411 0.00143532 0.0014315  ... 0.0014549  0.00132256 0.00127896]
 [0.00137848 0.00136265 0.00150808 ... 0.0015368  0.00124023 0.00133431]
 [0.00133637 0.00123248 0.00145407 ... 0.00135954 0.00131849 0.0013776 ]
 ...
 [0.00143799 0.00115505 0.00148445 ... 0.00136043 0.00122935 0.00151624]
 [0.00138178 0.00144175 0.00146395 ... 0.00148919 0.00133874 0.00136444]
 [0.00129467 0.00145485 0.00143877 ... 0.00141695 0.00135693 0.00125805]]

-4.0199043469574445
0.0
-2.7243532880839414
2.5
[[0.00205281 0.00190479 0.00192563 ... 0.00180256 0.00207298 0.00208748]
 [0.00205184 0.00199582 0.00186947 ... 0.001727   0.00218243 0.0020832 ]
 [0.0021193  0.00205548 0.00176851 ... 0.0017801  0.00216954 0.00209773]
 ...
 [0.00204548 0.0020956  0.0017681  ... 0.00173469 0.00222719 0.00201407]
 [0.00200475 0.00192165 0.00191147 ... 0.00180328 0.00212019 0.00201456]
 [0.00205335 0.00186652 0.00192555 ... 0.00183662 0.00202709 0.00207785]]

-7.080395174536591
0.0
-0.6811588269756643
2.5
[[0.0009461  0.00104014 0.00101482 ... 0.00102144 0.00092785 0.00085568]
 [0.00089841 0.00091846 0.00097004 ... 0.00095649 0.00086211 0.00099196]
 [0.00105526 0.00087862 0.00090951 ... 0.00083271 0.00095726 0.00095587]
 ...
 [0.00095512 0.00092613 0.00086473 ... 0.00082736 0.00098905 0.00088501]
 [0.00090039 0.00087265 0.00099296 ... 0.0009571  0.00083399 0.0009958 ]
 [0.00100885 0.00093585 0.00100137 ... 0.00098472 0.0008969  0.00087859]]

-7.390845256955657
0.0
-1.3881534040310748
2.5
[[0.00076693 0.00075555 0.00072015 ... 0.00076062 0.00082018 0.00077325]
 [0.00079542 0.00083026 0.00072568 ... 0.00078174 0.00077775 0.00078185]
 [0.00084882 0.00078648 0.00074721 ... 0.00078999 0.00076472 0.00075801]
 ...
 [0.00084901 0.00076108 0.00077344 ... 0.00081013 0.00071723 0.00081465]
 [0.00072871 0.00085845 0.00072838 ... 0.00079751 0.00081133 0.00069461]
 [0.00073695 0.00072582 0.00075823 ... 0.000745   0.00080531 0.00073466]]

-5.68131589618332
0.0
-0.6741794181149139
2.5
[[0.00155565 0.00146437 0.00136056 ... 0.00136101 0.00161037 0.00163656]
 [0.00170888 0.0015272  0.00137675 ... 0.00145209 0.00155893 0.00141253]
 [0.00140115 0.00150104 0.00151055 ... 0.00163067 0.00135763 0.00153168]
 ...
 [0.00159822 0.00139637 0.00158762 ... 0.00163568 0.00130607 0.00164465]
 [0.00158915 0.00157108 0.00136708 ... 0.00145683 0.00156745 0.00139245]
 [0.00141762 0.00156246 0.00132449 ... 0.00139314 0.0016317  0.00145642]]

-4.734674142141301
0.0
-2.4710972033705114
2.5
[[0.00155808 0.00157534 0.00139508 ... 0.00146314 0.00163729 0.00153497]
 [0.00153401 0.00152996 0.00141543 ... 0.00154995 0.001558   0.00147626]
 [0.00143823 0.00157128 0.00153072 ... 0.0015674  0.00156027 0.00134067]
 ...
 [0.00149236 0.00157427 0.00156409 ... 0.00163209 0.00151058 0.00136853]
 [0.00157308 0.00161402 0.0013752  ... 0.00150477 0.00161197 0.00151612]
 [0.00155532 0.00161028 0.00138572 ... 0.00142809 0.00167452 0.00153712]]

-5.024361289072631
0.0
-1.4549862404555352
2.5
[[0.00170494 0.00158337 0.00170679 ... 0.00160081 0.00163711 0.0017749 ]
 [0.00171475 0.00140134 0.00167501 ... 0.00147818 0.00161338 0.00179418]
 [0.0015427  0.00169279 0.00151545 ... 0.00148016 0.00175768 0.00150027]
 ...
 [0.0016422  0.00169354 0.00148137 ... 0.00146837 0.00179781 0.0014334 ]
 [0.00179721 0.00146451 0.00164308 ... 0.00145919 0.00159924 0.00190765]
 [0.00170068 0.00165208 0.00160478 ... 0.00153301 0.00172187 0.00178709]]

-6.520150462919602
0.0
-1.8078667358928562
2.5
[[0.00095528 0.00090842 0.00084301 ... 0.00090203 0.00096052 0.00096342]
 [0.00088839 0.00089577 0.00091832 ... 0.00089389 0.00095474 0.00087149]
 [0.000859   0.00106395 0.00087134 ... 0.00095647 0.00101087 0.00079555]
 ...
 [0.00085783 0.00102796 0.00087469 ... 0.00094452 0.00100633 0.00077308]
 [0.00094225 0.00091723 0.00091936 ... 0.00091895 0.00092216 0.00090807]
 [0.00098203 0.00092615 0.00080069 ... 0.00087927 0.00096103 0.00099035]]

-7.632827917565122
0.0
-0.27930005903231114
2.5
[[0.00096286 0.00076065 0.00081895 ... 0.00076884 0.0008652  0.00101397]
 [0.00089871 0.00086962 0.00079743 ... 0.00080784 0.00089121 0.00083075]
 [0.0009343  0.00084299 0.00085023 ... 0.00091717 0.00078286 0.00094134]
 ...
 [0.00092927 0.00076593 0.00091456 ... 0.00093751 0.00074733 0.00090627]
 [0.0008048  0.00088634 0.00079307 ... 0.00081273 0.00089408 0.00078327]
 [0.00089732 0.0008064  0.00080103 ... 0.00077609 0.00089629 0.00090196]]

-4.602315331191285
0.0
-0.0008498614942094029
2.5
[[0.00301228 0.00329167 0.00268774 ... 0.00304997 0.00301366 0.00246029]
 [0.00329212 0.00249612 0.00312458 ... 0.0032055  0.00247369 0.00322147]
 [0.0026856  0.003124   0.00278246 ... 0.00249065 0.00319718 0.00276457]
 ...
 [0.00304799 0.00320603 0.00249084 ... 0.00233144 0.00314176 0.00310888]
 [0.00301548 0.00247362 0.00319709 ... 0.00314088 0.00261778 0.00283441]
 [0.00245988 0.00322065 0.00276673 ... 0.00311045 0.00283272 0.00259449]]

-5.435564714671779
0.0
-0.9208962202703987
2.5
[[0.00150344 0.00173044 0.00158106 ... 0.00166496 0.00160317 0.00142775]
 [0.00173237 0.00154476 0.00161167 ... 0.00169319 0.00146995 0.00155468]
 [0.00151325 0.00142275 0.0016867  ... 0.00163683 0.00137698 0.00163425]
 ...
 [0.00171756 0.00137188 0.00169018 ... 0.00158032 0.00141242 0.00167914]
 [0.00165104 0.00153373 0.00163167 ... 0.00166453 0.00144072 0.00163115]
 [0.00140836 0.00180663 0.00149946 ... 0.001652   0.00167204 0.00131437]]

-6.437445343756327
0.0
-1.6625862959449784
2.5
[[0.0009713  0.00099527 0.00089775 ... 0.00097036 0.00102199 0.00096067]
 [0.00097907 0.00097411 0.00098938 ... 0.00103137 0.00092915 0.00092416]
 [0.00092188 0.00102081 0.00094499 ... 0.00101131 0.00100246 0.00082907]
 ...
 [0.00100682 0.00094649 0.00098595 ... 0.00102353 0.00093573 0.00092936]
 [0.0009767  0.00106834 0.00096789 ... 0.00103088 0.00098564 0.0009238 ]
 [0.00094942 0.00101928 0.00089053 ... 0.00092066 0.00105529 0.00094102]]

-6.281423817811623
0.0
-1.862946380254451
2.5
[[0.00096874 0.00104656 0.00097541 ... 0.00102964 0.00098503 0.00092442]
 [0.00095868 0.00099509 0.00107917 ... 0.00110849 0.00090906 0.00089296]
 [0.00091887 0.00098741 0.00101387 ... 0.0010119  0.00099864 0.00089429]
 ...
 [0.00098715 0.00090077 0.00104701 ... 0.00100754 0.00093004 0.00098784]
 [0.00099478 0.00106798 0.00104472 ... 0.0010912  0.00096103 0.00093706]
 [0.00096603 0.00107742 0.0009618  ... 0.0009889  0.00101399 0.00092629]]

-7.775328681314636
0.0
-2.8608711513269913
2.5
[[0.00057732 0.00057879 0.00059961 ... 0.00057124 0.00056655 0.00057888]
 [0.00057574 0.00054731 0.00058204 ... 0.00056917 0.0005456  0.00058192]
 [0.00056319 0.00052203 0.00058187 ... 0.00057965 0.00055577 0.00058283]
 ...
 [0.00058624 0.00052188 0.00056136 ... 0.00056595 0.00055566 0.00060906]
 [0.00059364 0.00057366 0.00057893 ... 0.00055355 0.00057867 0.00060482]
 [0.0005795  0.00058953 0.0006064  ... 0.00057041 0.00058101 0.0005835 ]]

-7.621109028411126
0.0
-0.07137848495048527
2.5
[[0.00107499 0.00077166 0.0008469  ... 0.00078859 0.00088597 0.00109367]
 [0.00077194 0.00099464 0.00080257 ... 0.00086103 0.00095914 0.00079508]
 [0.00088976 0.00080298 0.00093409 ... 0.00094044 0.00082184 0.00086289]
 ...
 [0.00081279 0.00083357 0.00094379 ... 0.00092112 0.00086785 0.00080494]
 [0.00085782 0.00096126 0.00083425 ... 0.00089407 0.00088791 0.00090285]
 [0.00109595 0.00080476 0.00082154 ... 0.00079096 0.00093082 0.00101116]]

-4.8236538696758045
0.0
-1.2844203634529523
2.5
[[0.00188282 0.00180549 0.00172552 ... 0.00174212 0.00201797 0.00190239]
 [0.00189719 0.00197857 0.00167301 ... 0.00174213 0.00194215 0.00189592]
 [0.00209526 0.00196089 0.00166584 ... 0.00183031 0.00193588 0.0017933 ]
 ...
 [0.00205548 0.0019438  0.00172111 ... 0.00190393 0.0018455  0.00189702]
 [0.00175994 0.0020347  0.00166651 ... 0.00177649 0.00200224 0.00167652]
 [0.00185634 0.00171286 0.00176303 ... 0.00167321 0.00196703 0.00185062]]

-6.680168295089248
0.0
-2.511844463069635
2.5
[[0.00081797 0.00075246 0.00075799 ... 0.0007479  0.00080098 0.00084468]
 [0.00078783 0.00075016 0.00077948 ... 0.00076855 0.00082435 0.00081566]
 [0.00079884 0.00079101 0.00074817 ... 0.00071665 0.00085602 0.00081895]
 ...
 [0.00077382 0.0007761  0.00078417 ... 0.00073463 0.00083909 0.00077817]
 [0.0008118  0.00073654 0.0007483  ... 0.00076548 0.00079756 0.00083467]
 [0.00083565 0.00075425 0.00072934 ... 0.00072578 0.00079638 0.00086139]]

-6.000895891953858
0.0
-2.2159651569564245
2.5
[[0.00102454 0.0010046  0.00105544 ... 0.00100382 0.00097325 0.00103169]
 [0.00099093 0.00093779 0.0011036  ... 0.00106079 0.00095433 0.00101165]
 [0.00098403 0.00093877 0.00101896 ... 0.00091545 0.00105988 0.00104248]
 ...
 [0.00099601 0.00089016 0.001044   ... 0.00091561 0.00101798 0.00104831]
 [0.00105555 0.00095965 0.00105107 ... 0.00103216 0.00097105 0.00108499]
 [0.00104804 0.0010311  0.00101958 ... 0.00096064 0.0009969  0.00105883]]

-4.613851684080132
0.0
-0.6585508044368407
2.5
[[0.00234848 0.00263717 0.00227583 ... 0.00248001 0.0024897  0.0021492 ]
 [0.00240571 0.00248072 0.00237193 ... 0.00261046 0.00224298 0.00238207]
 [0.00273614 0.00209249 0.0026085  ... 0.00257042 0.00207628 0.00266881]
 ...
 [0.00278199 0.00202937 0.00263834 ... 0.00249609 0.00214165 0.00257417]
 [0.00216251 0.00238332 0.0024695  ... 0.00261975 0.00214316 0.00236654]
 [0.00238763 0.00257344 0.00220953 ... 0.0024655  0.00252986 0.00199493]]

