-7.7
0.0
-2.56
2.5
[[0.00060488 0.00057969 0.00061882 ... 0.00059873 0.00058937 0.00061629]
 [0.00061906 0.00060199 0.00060567 ... 0.00057391 0.00063145 0.0006401 ]
 [0.00064788 0.00059155 0.00055899 ... 0.00054422 0.00063619 0.0006777 ]
 ...
 [0.00062618 0.00059193 0.0005692  ... 0.00052672 0.0006492  0.00065611]
 [0.00059971 0.00056621 0.00061072 ... 0.00059929 0.00060396 0.00062084]
 [0.00060012 0.00056077 0.00061164 ... 0.00060283 0.00057126 0.00061016]]

+

-4.93
0.0
-2.37
2.5
[[0.00149893 0.00137844 0.00138453 ... 0.00130915 0.00147764 0.00155193]
 [0.00145207 0.00131386 0.00141506 ... 0.00138553 0.00144437 0.00149074]
 [0.0013927  0.00138037 0.0013797  ... 0.00127974 0.00154168 0.00140501]
 ...
 [0.00141036 0.00135808 0.00142083 ... 0.00131841 0.00148718 0.00138368]
 [0.00152402 0.00136798 0.00134761 ... 0.00134837 0.00147454 0.00156414]
 [0.00152035 0.00141666 0.00134556 ... 0.00125777 0.00151481 0.00157805]]

+

-7.08
0.0
-0.34
2.5
[[0.00108028 0.00110663 0.00105334 ... 0.00107601 0.00098701 0.0009312 ]
 [0.00102025 0.00090285 0.00104423 ... 0.00097183 0.00091968 0.00106148]
 [0.00087719 0.00101999 0.00092573 ... 0.00088457 0.00106347 0.00087429]
 ...
 [0.00089979 0.00107978 0.00087812 ... 0.00088256 0.00106999 0.00093796]
 [0.00110572 0.0009125  0.00101484 ... 0.00094983 0.00095772 0.00106934]
 [0.00101464 0.0010383  0.00107301 ... 0.00106779 0.00091316 0.00100292]]

+

-4.56
0.0
-1.09
2.5
[[0.00216509 0.00240748 0.00219194 ... 0.00238149 0.00222799 0.00203936]
 [0.00225095 0.00224007 0.00221471 ... 0.00235896 0.0021655  0.00200276]
 [0.00195697 0.00205048 0.00240137 ... 0.00238968 0.00190919 0.0022734 ]
 ...
 [0.00207318 0.00198807 0.00241137 ... 0.00232786 0.0019416  0.00225476]
 [0.00241032 0.00218307 0.0022256  ... 0.00234853 0.00207805 0.00227439]
 [0.00211702 0.00253746 0.0021319  ... 0.00239983 0.0022578  0.00201501]]

+

-5.92
0.0
-1.79
2.5
[[0.00111462 0.00104662 0.00116378 ... 0.00109595 0.00107354 0.00114342]
 [0.00113308 0.00110089 0.0010534  ... 0.00099009 0.00119558 0.00119147]
 [0.00120412 0.00106308 0.00108537 ... 0.00102052 0.00108989 0.00126614]
 ...
 [0.00114034 0.00114686 0.00103517 ... 0.0010207  0.00113979 0.00118502]
 [0.00109902 0.00102322 0.00108666 ... 0.00098822 0.00116362 0.00115237]
 [0.00111703 0.00099877 0.00118521 ... 0.00114912 0.00102753 0.00114317]]

+

