-7.0806650396680695
0.0
-2.004095605286869
2.5
[[0.00075647 0.00080739 0.00078789 ... 0.00079527 0.00074329 0.00072325]
 [0.00073158 0.00075759 0.00086147 ... 0.00085956 0.00070335 0.00069681]
 [0.00071887 0.00075062 0.0007895  ... 0.00075091 0.00078772 0.00072761]
 ...
 [0.000751   0.000688   0.00081114 ... 0.00074353 0.00074288 0.00077519]
 [0.00077933 0.00079501 0.00082539 ... 0.00083989 0.00073019 0.00075015]
 [0.00076922 0.00083279 0.0007665  ... 0.00076185 0.00076292 0.00073865]]

-6.383295411525786
0.0
-0.2066092072308665
2.5
[[0.00143736 0.00140651 0.00122409 ... 0.00131578 0.0013263  0.00119718]
 [0.00121963 0.00129549 0.00129667 ... 0.00137311 0.00120873 0.00130336]
 [0.00114219 0.00121445 0.00130214 ... 0.00116682 0.00132265 0.00111376]
 ...
 [0.00111881 0.00135341 0.0011852  ... 0.00109845 0.00140871 0.00114649]
 [0.00137459 0.00122529 0.00135119 ... 0.0013824  0.00115445 0.00139845]
 [0.0013647  0.00135881 0.00123304 ... 0.0013237  0.00128181 0.00124073]]

-7.365406568127773
0.0
-2.414713835201685
2.5
[[0.00068136 0.00067808 0.00063124 ... 0.00065978 0.00070718 0.00068289]
 [0.00067693 0.00066195 0.00062336 ... 0.00067657 0.00066547 0.00066259]
 [0.00063798 0.00067161 0.00071361 ... 0.00073027 0.00064644 0.00059816]
 ...
 [0.0006661  0.00069295 0.00070564 ... 0.00075026 0.00064352 0.00061652]
 [0.0006854  0.000702   0.00063081 ... 0.00066035 0.00069842 0.00067148]
 [0.00067644 0.00069107 0.00064132 ... 0.00065519 0.00072349 0.00067989]]

-4.504712483299844
0.0
-1.5309660104310057
2.5
[[0.00195023 0.00211743 0.00209638 ... 0.00225858 0.00197344 0.00183696]
 [0.00195371 0.00230934 0.00205637 ... 0.00223074 0.00207931 0.00188057]
 [0.00225132 0.00184204 0.00220216 ... 0.00216684 0.00177973 0.00237468]
 ...
 [0.00215777 0.00185211 0.00222363 ... 0.00216509 0.00174432 0.00241054]
 [0.00189187 0.00219817 0.00208347 ... 0.00222133 0.00207915 0.00181657]
 [0.0019575  0.00203235 0.00219639 ... 0.00228943 0.00188287 0.00182317]]

-5.378525376078274
0.0
-0.6797892741987388
2.5
[[0.00166928 0.00187435 0.00175543 ... 0.00183814 0.00168308 0.00150586]
 [0.00163251 0.00167654 0.00176398 ... 0.0018267  0.00152445 0.00175532]
 [0.00195845 0.00149623 0.0017529  ... 0.00160634 0.00160346 0.00180693]
 ...
 [0.00184016 0.00153811 0.00169971 ... 0.00155373 0.00168111 0.00167135]
 [0.00155857 0.00158932 0.00182848 ... 0.00181644 0.00146368 0.00175279]
 [0.00175727 0.00174039 0.0017171  ... 0.00179519 0.00166753 0.00149575]]

